# r N rho/M
0.000000E+00 0.000000E+00 0.000000E+00
2.000000E-01 0.000000E+00 0.000000E+00
4.000000E-01 0.000000E+00 0.000000E+00
6.000000E-01 0.000000E+00 0.000000E+00
8.000000E-01 0.000000E+00 0.000000E+00
1.000000E+00 0.000000E+00 0.000000E+00
1.200000E+00 0.000000E+00 0.000000E+00
1.400000E+00 0.000000E+00 0.000000E+00
1.600000E+00 0.000000E+00 0.000000E+00
1.800000E+00 0.000000E+00 0.000000E+00
2.000000E+00 0.000000E+00 0.000000E+00
2.200000E+00 0.000000E+00 0.000000E+00
2.400000E+00 0.000000E+00 0.000000E+00
2.600000E+00 0.000000E+00 0.000000E+00
2.800000E+00 0.000000E+00 0.000000E+00
3.000000E+00 0.000000E+00 0.000000E+00
3.200000E+00 0.000000E+00 0.000000E+00
3.400000E+00 0.000000E+00 0.000000E+00
3.600000E+00 0.000000E+00 0.000000E+00
3.800000E+00 0.000000E+00 0.000000E+00
4.000000E+00 0.000000E+00 0.000000E+00
4.200000E+00 0.000000E+00 0.000000E+00
4.400000E+00 0.000000E+00 0.000000E+00
4.600000E+00 0.000000E+00 0.000000E+00
4.800000E+00 0.000000E+00 0.000000E+00
5.000000E+00 0.000000E+00 0.000000E+00
5.200000E+00 0.000000E+00 0.000000E+00
5.400000E+00 0.000000E+00 0.000000E+00
5.600000E+00 1.000000E-07 2.106849E-06
5.800000E+00 1.700000E-06 3.338893E-05
6.000000E+00 1.540000E-05 2.826362E-04
6.200000E+00 4.940000E-05 8.490887E-04
6.400000E+00 1.593000E-04 2.569599E-03
6.600000E+00 4.012000E-04 6.085308E-03
6.800000E+00 7.765000E-04 1.109515E-02
7.000000E+00 1.423500E-03 1.919424E-02
7.200000E+00 2.476300E-03 3.156078E-02
7.400000E+00 3.659100E-03 4.414895E-02
7.600000E+00 4.870300E-03 5.571063E-02
7.800000E+00 6.179800E-03 6.711116E-02
8.000000E+00 7.433000E-03 7.673503E-02
8.200000E+00 8.675300E-03 8.524449E-02
8.400000E+00 9.981900E-03 9.346826E-02
8.600000E+00 1.131040E-02 1.010394E-01
8.800000E+00 1.310990E-02 1.118519E-01
9.000000E+00 1.498020E-02 1.221918E-01
9.200000E+00 1.752040E-02 1.367659E-01
9.400000E+00 1.991930E-02 1.489457E-01
9.600000E+00 2.287870E-02 1.640206E-01
9.800000E+00 2.554290E-02 1.757226E-01
1.000000E+01 2.817060E-02 1.861254E-01
1.020000E+01 3.168030E-02 2.011863E-01
1.040000E+01 3.506740E-02 2.142133E-01
1.060000E+01 3.848940E-02 2.263283E-01
1.080000E+01 4.169000E-02 2.361532E-01
1.100000E+01 4.434510E-02 2.421418E-01
1.120000E+01 4.681430E-02 2.465767E-01
1.140000E+01 4.866750E-02 2.474223E-01
1.160000E+01 5.017880E-02 2.463847E-01
1.180000E+01 5.096340E-02 2.418265E-01
1.200000E+01 5.249840E-02 2.408758E-01
1.220000E+01 5.366000E-02 2.381993E-01
1.240000E+01 5.470470E-02 2.350665E-01
1.260000E+01 5.564410E-02 2.315728E-01
1.280000E+01 5.678000E-02 2.289734E-01
1.300000E+01 5.790970E-02 2.263988E-01
1.320000E+01 5.939080E-02 2.252064E-01
1.340000E+01 6.062730E-02 2.230839E-01
1.360000E+01 6.194990E-02 2.212954E-01
1.380000E+01 6.258040E-02 2.171149E-01
1.400000E+01 6.305380E-02 2.125518E-01
1.420000E+01 6.356670E-02 2.082872E-01
1.440000E+01 6.372920E-02 2.030594E-01
1.460000E+01 6.434360E-02 1.994386E-01
1.480000E+01 6.487910E-02 1.957000E-01
1.500000E+01 6.532390E-02 1.918223E-01
1.520000E+01 6.609970E-02 1.890261E-01
1.540000E+01 6.618010E-02 1.843722E-01
1.560000E+01 6.696680E-02 1.818109E-01
1.580000E+01 6.643280E-02 1.758239E-01
1.600000E+01 6.673880E-02 1.722455E-01
1.620000E+01 6.674550E-02 1.680357E-01
1.640000E+01 6.625570E-02 1.627590E-01
1.660000E+01 6.584710E-02 1.578810E-01
1.680000E+01 6.563090E-02 1.536382E-01
1.700000E+01 6.536780E-02 1.494430E-01
1.720000E+01 6.475630E-02 1.446221E-01
1.740000E+01 6.463870E-02 1.410599E-01
1.760000E+01 6.518960E-02 1.390473E-01
1.780000E+01 6.492990E-02 1.353986E-01
1.800000E+01 6.529190E-02 1.331447E-01
1.820000E+01 6.508760E-02 1.298270E-01
1.840000E+01 6.566650E-02 1.281497E-01
1.860000E+01 6.597300E-02 1.259940E-01
1.880000E+01 6.600840E-02 1.233937E-01
1.900000E+01 6.612300E-02 1.210194E-01
1.920000E+01 6.641840E-02 1.190407E-01
1.940000E+01 6.682010E-02 1.173041E-01
1.960000E+01 6.687220E-02 1.150120E-01
1.980000E+01 6.692880E-02 1.127956E-01
2.000000E+01 6.745550E-02 1.114210E-01
2.020000E+01 6.805780E-02 1.102008E-01
2.040000E+01 6.836260E-02 1.085345E-01
2.060000E+01 6.819940E-02 1.061832E-01
2.080000E+01 6.861270E-02 1.047822E-01
2.100000E+01 6.903620E-02 1.034303E-01
2.120000E+01 6.900780E-02 1.014462E-01
2.140000E+01 6.927600E-02 9.994585E-02
2.160000E+01 6.984650E-02 9.891147E-02
2.180000E+01 6.995660E-02 9.725797E-02
2.200000E+01 7.018150E-02 9.580470E-02
2.220000E+01 7.034890E-02 9.431068E-02
2.240000E+01 7.129510E-02 9.388002E-02
2.260000E+01 7.161650E-02 9.264153E-02
2.280000E+01 7.176300E-02 9.120957E-02
2.300000E+01 7.224430E-02 9.023134E-02
2.320000E+01 7.314490E-02 8.978785E-02
2.340000E+01 7.341710E-02 8.858803E-02
2.360000E+01 7.386010E-02 8.761842E-02
2.380000E+01 7.428890E-02 8.665219E-02
2.400000E+01 7.479370E-02 8.579304E-02
2.420000E+01 7.541250E-02 8.507895E-02
2.440000E+01 7.593720E-02 8.427222E-02
2.460000E+01 7.674830E-02 8.379306E-02
2.480000E+01 7.719920E-02 8.293139E-02
2.500000E+01 7.789410E-02 8.234440E-02
2.520000E+01 7.872320E-02 8.190514E-02
2.540000E+01 7.921230E-02 8.112126E-02
2.560000E+01 7.969890E-02 8.034926E-02
2.580000E+01 8.063970E-02 8.004220E-02
2.600000E+01 8.139550E-02 7.955422E-02
2.620000E+01 8.237070E-02 7.928293E-02
2.640000E+01 8.270580E-02 7.840389E-02
2.660000E+01 8.365920E-02 7.811959E-02
2.680000E+01 8.453830E-02 7.776666E-02
2.700000E+01 8.517910E-02 7.719960E-02
2.720000E+01 8.605690E-02 7.685239E-02
2.740000E+01 8.670650E-02 7.630624E-02
2.760000E+01 8.786570E-02 7.620978E-02
2.780000E+01 8.900630E-02 7.609229E-02
2.800000E+01 8.984140E-02 7.571291E-02
2.820000E+01 9.047390E-02 7.516828E-02
2.840000E+01 9.175130E-02 7.515970E-02
2.860000E+01 9.224180E-02 7.450840E-02
2.880000E+01 9.297850E-02 7.406398E-02
2.900000E+01 9.408360E-02 7.391413E-02
2.920000E+01 9.495330E-02 7.357900E-02
2.940000E+01 9.612180E-02 7.347452E-02
2.960000E+01 9.079730E-02 6.846979E-02
