# r N rho/M
0.000000E+00 0.000000E+00 0.000000E+00
2.000000E-01 0.000000E+00 0.000000E+00
4.000000E-01 0.000000E+00 0.000000E+00
6.000000E-01 0.000000E+00 0.000000E+00
8.000000E-01 0.000000E+00 0.000000E+00
1.000000E+00 0.000000E+00 0.000000E+00
1.200000E+00 0.000000E+00 0.000000E+00
1.400000E+00 0.000000E+00 0.000000E+00
1.600000E+00 0.000000E+00 0.000000E+00
1.800000E+00 0.000000E+00 0.000000E+00
2.000000E+00 0.000000E+00 0.000000E+00
2.200000E+00 0.000000E+00 0.000000E+00
2.400000E+00 0.000000E+00 0.000000E+00
2.600000E+00 0.000000E+00 0.000000E+00
2.800000E+00 0.000000E+00 0.000000E+00
3.000000E+00 0.000000E+00 0.000000E+00
3.200000E+00 0.000000E+00 0.000000E+00
3.400000E+00 0.000000E+00 0.000000E+00
3.600000E+00 0.000000E+00 0.000000E+00
3.800000E+00 0.000000E+00 0.000000E+00
4.000000E+00 0.000000E+00 0.000000E+00
4.200000E+00 0.000000E+00 0.000000E+00
4.400000E+00 0.000000E+00 0.000000E+00
4.600000E+00 0.000000E+00 0.000000E+00
4.800000E+00 0.000000E+00 0.000000E+00
5.000000E+00 0.000000E+00 0.000000E+00
5.200000E+00 0.000000E+00 0.000000E+00
5.400000E+00 0.000000E+00 0.000000E+00
5.600000E+00 1.000000E-07 2.106849E-06
5.800000E+00 1.200000E-06 2.356865E-05
6.000000E+00 5.100000E-06 9.360029E-05
6.200000E+00 1.860000E-05 3.196974E-04
6.400000E+00 6.320000E-05 1.019452E-03
6.600000E+00 1.397000E-04 2.118937E-03
6.800000E+00 3.176000E-04 4.538080E-03
7.000000E+00 6.264000E-04 8.446274E-03
7.200000E+00 1.015500E-03 1.294269E-02
7.400000E+00 1.568900E-03 1.892960E-02
7.600000E+00 2.118700E-03 2.423549E-02
7.800000E+00 2.609200E-03 2.833529E-02
8.000000E+00 3.202000E-03 3.305604E-02
8.200000E+00 3.719200E-03 3.654528E-02
8.400000E+00 4.327400E-03 4.052080E-02
8.600000E+00 5.012000E-03 4.477377E-02
8.800000E+00 5.774900E-03 4.927069E-02
9.000000E+00 6.627000E-03 5.405570E-02
9.200000E+00 7.818100E-03 6.102883E-02
9.400000E+00 8.875700E-03 6.636765E-02
9.600000E+00 1.011410E-02 7.250940E-02
9.800000E+00 1.138630E-02 7.833214E-02
1.000000E+01 1.262760E-02 8.343155E-02
1.020000E+01 1.416480E-02 8.995382E-02
1.040000E+01 1.585920E-02 9.687776E-02
1.060000E+01 1.747770E-02 1.027737E-01
1.080000E+01 1.918630E-02 1.086809E-01
1.100000E+01 2.081080E-02 1.136352E-01
1.120000E+01 2.219540E-02 1.169059E-01
1.140000E+01 2.306530E-02 1.172624E-01
1.160000E+01 2.434170E-02 1.195211E-01
1.180000E+01 2.519570E-02 1.195562E-01
1.200000E+01 2.631160E-02 1.207242E-01
1.220000E+01 2.727170E-02 1.210604E-01
1.240000E+01 2.844410E-02 1.222245E-01
1.260000E+01 2.964150E-02 1.233584E-01
1.280000E+01 3.067250E-02 1.236912E-01
1.300000E+01 3.202800E-02 1.252139E-01
1.320000E+01 3.349660E-02 1.270172E-01
1.340000E+01 3.486360E-02 1.282839E-01
1.360000E+01 3.620110E-02 1.293164E-01
1.380000E+01 3.702590E-02 1.284568E-01
1.400000E+01 3.825080E-02 1.289419E-01
1.420000E+01 3.904080E-02 1.279239E-01
1.440000E+01 3.954870E-02 1.260134E-01
1.460000E+01 3.995080E-02 1.238310E-01
1.480000E+01 4.080700E-02 1.230894E-01
1.500000E+01 4.171120E-02 1.224841E-01
1.520000E+01 4.272160E-02 1.221715E-01
1.540000E+01 4.361020E-02 1.214944E-01
1.560000E+01 4.454680E-02 1.209419E-01
1.580000E+01 4.485680E-02 1.187199E-01
1.600000E+01 4.522900E-02 1.167311E-01
1.620000E+01 4.532570E-02 1.141101E-01
1.640000E+01 4.545770E-02 1.116681E-01
1.660000E+01 4.576540E-02 1.097313E-01
1.680000E+01 4.578440E-02 1.071787E-01
1.700000E+01 4.610080E-02 1.053950E-01
1.720000E+01 4.641380E-02 1.036573E-01
1.740000E+01 4.678000E-02 1.020872E-01
1.760000E+01 4.696670E-02 1.001784E-01
1.780000E+01 4.744250E-02 9.893206E-02
1.800000E+01 4.781770E-02 9.751090E-02
1.820000E+01 4.834970E-02 9.644074E-02
1.840000E+01 4.882600E-02 9.528510E-02
1.860000E+01 4.950410E-02 9.454200E-02
1.880000E+01 4.969240E-02 9.289317E-02
1.900000E+01 5.019230E-02 9.186274E-02
1.920000E+01 5.077150E-02 9.099699E-02
1.940000E+01 5.142860E-02 9.028399E-02
1.960000E+01 5.174900E-02 8.900191E-02
1.980000E+01 5.234330E-02 8.821455E-02
2.000000E+01 5.292370E-02 8.741777E-02
2.020000E+01 5.332040E-02 8.633764E-02
2.040000E+01 5.405330E-02 8.581662E-02
2.060000E+01 5.439390E-02 8.468866E-02
2.080000E+01 5.496830E-02 8.394506E-02
2.100000E+01 5.534210E-02 8.291375E-02
2.120000E+01 5.533030E-02 8.133937E-02
2.140000E+01 5.598640E-02 8.077268E-02
2.160000E+01 5.642020E-02 7.989813E-02
2.180000E+01 5.674960E-02 7.889679E-02
2.200000E+01 5.723180E-02 7.812707E-02
2.220000E+01 5.791210E-02 7.763774E-02
2.240000E+01 5.831700E-02 7.679070E-02
2.260000E+01 5.910770E-02 7.646042E-02
2.280000E+01 5.961130E-02 7.576496E-02
2.300000E+01 6.004860E-02 7.499922E-02
2.320000E+01 6.073870E-02 7.455882E-02
2.340000E+01 6.150260E-02 7.421151E-02
2.360000E+01 1.283470E-02 1.522549E-02
