# r N rho/M
0.000000E+00 0.000000E+00 0.000000E+00
2.000000E-01 0.000000E+00 0.000000E+00
4.000000E-01 0.000000E+00 0.000000E+00
6.000000E-01 0.000000E+00 0.000000E+00
8.000000E-01 0.000000E+00 0.000000E+00
1.000000E+00 0.000000E+00 0.000000E+00
1.200000E+00 0.000000E+00 0.000000E+00
1.400000E+00 0.000000E+00 0.000000E+00
1.600000E+00 0.000000E+00 0.000000E+00
1.800000E+00 0.000000E+00 0.000000E+00
2.000000E+00 0.000000E+00 0.000000E+00
2.200000E+00 0.000000E+00 0.000000E+00
2.400000E+00 0.000000E+00 0.000000E+00
2.600000E+00 0.000000E+00 0.000000E+00
2.800000E+00 0.000000E+00 0.000000E+00
3.000000E+00 0.000000E+00 0.000000E+00
3.200000E+00 0.000000E+00 0.000000E+00
3.400000E+00 0.000000E+00 0.000000E+00
3.600000E+00 0.000000E+00 0.000000E+00
3.800000E+00 0.000000E+00 0.000000E+00
4.000000E+00 0.000000E+00 0.000000E+00
4.200000E+00 0.000000E+00 0.000000E+00
4.400000E+00 0.000000E+00 0.000000E+00
4.600000E+00 0.000000E+00 0.000000E+00
4.800000E+00 0.000000E+00 0.000000E+00
5.000000E+00 0.000000E+00 0.000000E+00
5.200000E+00 0.000000E+00 0.000000E+00
5.400000E+00 0.000000E+00 0.000000E+00
5.600000E+00 5.000000E-07 1.053425E-05
5.800000E+00 2.200000E-06 4.320920E-05
6.000000E+00 1.050000E-05 1.927065E-04
6.200000E+00 4.050000E-05 6.961153E-04
6.400000E+00 1.192000E-04 1.922763E-03
6.600000E+00 2.887000E-04 4.378934E-03
6.800000E+00 5.669000E-04 8.100245E-03
7.000000E+00 1.091200E-03 1.471356E-02
7.200000E+00 1.862900E-03 2.374292E-02
7.400000E+00 2.614900E-03 3.155013E-02
7.600000E+00 3.504600E-03 4.008859E-02
7.800000E+00 4.266100E-03 4.632883E-02
8.000000E+00 5.302000E-03 5.473552E-02
8.200000E+00 6.155600E-03 6.048563E-02
8.400000E+00 7.026100E-03 6.579081E-02
8.600000E+00 8.152900E-03 7.283242E-02
8.800000E+00 9.387200E-03 8.009036E-02
9.000000E+00 1.083010E-02 8.833991E-02
9.200000E+00 1.243020E-02 9.703133E-02
9.400000E+00 1.430460E-02 1.069620E-01
9.600000E+00 1.606440E-02 1.151679E-01
9.800000E+00 1.789910E-02 1.231370E-01
1.000000E+01 1.979730E-02 1.308023E-01
1.020000E+01 2.199520E-02 1.396809E-01
1.040000E+01 2.458230E-02 1.501638E-01
1.060000E+01 2.693150E-02 1.583647E-01
1.080000E+01 2.913470E-02 1.650337E-01
1.100000E+01 3.096290E-02 1.690697E-01
1.120000E+01 3.249780E-02 1.711699E-01
1.140000E+01 3.405460E-02 1.731313E-01
1.160000E+01 3.447380E-02 1.692711E-01
1.180000E+01 3.519780E-02 1.670171E-01
1.200000E+01 3.625880E-02 1.663644E-01
1.220000E+01 3.681900E-02 1.634413E-01
1.240000E+01 3.746110E-02 1.609706E-01
1.260000E+01 3.840330E-02 1.598221E-01
1.280000E+01 3.916000E-02 1.579182E-01
1.300000E+01 3.995860E-02 1.562187E-01
1.320000E+01 4.072270E-02 1.544181E-01
1.340000E+01 4.146870E-02 1.525880E-01
1.360000E+01 4.210310E-02 1.503993E-01
1.380000E+01 4.245130E-02 1.472795E-01
1.400000E+01 4.293450E-02 1.447304E-01
1.420000E+01 4.332060E-02 1.419473E-01
1.440000E+01 4.312440E-02 1.374066E-01
1.460000E+01 4.325230E-02 1.340643E-01
1.480000E+01 4.372050E-02 1.318776E-01
1.500000E+01 4.369320E-02 1.283042E-01
1.520000E+01 4.392570E-02 1.256149E-01
1.540000E+01 4.429850E-02 1.234119E-01
1.560000E+01 4.487770E-02 1.218403E-01
1.580000E+01 4.440190E-02 1.175160E-01
1.600000E+01 4.426530E-02 1.142439E-01
1.620000E+01 4.379760E-02 1.102630E-01
1.640000E+01 4.324720E-02 1.062380E-01
1.660000E+01 4.318070E-02 1.035340E-01
1.680000E+01 4.272390E-02 1.000142E-01
1.700000E+01 4.256030E-02 9.730079E-02
1.720000E+01 4.205410E-02 9.392062E-02
1.740000E+01 4.195580E-02 9.155942E-02
1.760000E+01 4.190020E-02 8.937175E-02
1.780000E+01 4.191860E-02 8.741305E-02
1.800000E+01 4.163300E-02 8.489893E-02
1.820000E+01 4.162700E-02 8.303130E-02
1.840000E+01 4.176310E-02 8.150169E-02
1.860000E+01 4.183980E-02 7.990486E-02
1.880000E+01 4.162430E-02 7.781096E-02
1.900000E+01 4.189060E-02 7.666884E-02
1.920000E+01 4.191210E-02 7.511842E-02
1.940000E+01 4.173540E-02 7.326737E-02
1.960000E+01 4.179840E-02 7.188810E-02
1.980000E+01 4.186700E-02 7.055877E-02
2.000000E+01 4.175220E-02 6.896502E-02
2.020000E+01 4.190760E-02 6.785777E-02
2.040000E+01 4.232010E-02 6.718864E-02
2.060000E+01 4.200880E-02 6.540566E-02
2.080000E+01 4.201710E-02 6.416658E-02
2.100000E+01 4.202930E-02 6.296846E-02
2.120000E+01 4.198590E-02 6.172218E-02
2.140000E+01 4.196960E-02 6.055037E-02
2.160000E+01 4.204250E-02 5.953749E-02
2.180000E+01 4.214120E-02 5.858729E-02
2.200000E+01 4.217100E-02 5.756759E-02
2.220000E+01 4.241180E-02 5.685783E-02
2.240000E+01 4.229190E-02 5.568916E-02
2.260000E+01 4.245950E-02 5.492468E-02
2.280000E+01 4.259260E-02 5.413448E-02
2.300000E+01 4.279980E-02 5.345589E-02
2.320000E+01 4.285700E-02 5.260843E-02
2.340000E+01 4.293400E-02 5.180589E-02
2.360000E+01 4.308960E-02 5.111613E-02
2.380000E+01 4.339950E-02 5.062212E-02
2.400000E+01 4.363110E-02 5.004759E-02
2.420000E+01 4.365810E-02 4.925424E-02
2.440000E+01 4.384140E-02 4.865352E-02
2.460000E+01 4.399150E-02 4.802950E-02
2.480000E+01 4.449830E-02 4.780239E-02
2.500000E+01 4.446420E-02 4.700456E-02
2.520000E+01 4.488820E-02 4.670255E-02
2.540000E+01 4.488400E-02 4.596567E-02
2.560000E+01 4.538840E-02 4.575878E-02
2.580000E+01 4.556550E-02 4.522788E-02
2.600000E+01 4.569960E-02 4.466581E-02
2.620000E+01 4.630700E-02 4.457112E-02
2.640000E+01 4.642730E-02 4.401240E-02
2.660000E+01 4.669470E-02 4.360274E-02
2.680000E+01 4.696630E-02 4.320423E-02
2.700000E+01 4.736970E-02 4.293215E-02
2.720000E+01 4.766730E-02 4.256888E-02
2.740000E+01 4.789640E-02 4.215133E-02
2.760000E+01 4.822750E-02 4.182983E-02
2.780000E+01 4.863200E-02 4.157594E-02
2.800000E+01 4.868830E-02 4.103156E-02
2.820000E+01 4.923250E-02 4.090376E-02
2.840000E+01 4.965690E-02 4.067733E-02
2.860000E+01 5.004270E-02 4.042204E-02
2.880000E+01 5.054690E-02 4.026420E-02
2.900000E+01 5.080770E-02 3.991564E-02
2.920000E+01 5.133470E-02 3.977909E-02
2.940000E+01 5.153000E-02 3.938900E-02
2.960000E+01 5.205810E-02 3.925676E-02
2.980000E+01 5.233440E-02 3.893716E-02
3.000000E+01 5.270790E-02 3.869392E-02
3.020000E+01 5.320530E-02 3.854344E-02
3.040000E+01 5.387170E-02 3.851439E-02
3.060000E+01 5.410650E-02 3.817826E-02
3.080000E+01 5.431720E-02 3.783079E-02
3.100000E+01 5.485990E-02 3.771735E-02
3.120000E+01 5.526670E-02 3.751145E-02
3.140000E+01 5.570040E-02 3.732575E-02
3.160000E+01 5.641370E-02 3.732673E-02
3.180000E+01 5.669400E-02 3.704182E-02
3.200000E+01 5.723120E-02 3.692686E-02
3.220000E+01 5.771950E-02 3.678073E-02
3.240000E+01 5.800760E-02 3.650937E-02
3.260000E+01 5.845420E-02 3.634043E-02
3.280000E+01 5.906810E-02 3.627562E-02
3.300000E+01 5.962040E-02 3.617233E-02
3.320000E+01 6.003060E-02 3.598372E-02
3.340000E+01 6.054920E-02 3.586121E-02
3.360000E+01 6.099230E-02 3.569488E-02
3.380000E+01 6.161360E-02 3.563303E-02
3.400000E+01 6.220380E-02 3.555237E-02
3.420000E+01 6.277100E-02 3.545817E-02
3.440000E+01 6.318630E-02 3.527894E-02
3.460000E+01 6.366080E-02 3.513415E-02
3.480000E+01 6.429440E-02 3.507714E-02
3.500000E+01 6.516590E-02 3.514745E-02
3.520000E+01 6.559010E-02 3.497538E-02
3.540000E+01 6.607690E-02 3.483795E-02
3.560000E+01 6.631860E-02 3.457362E-02
3.580000E+01 6.724990E-02 3.466850E-02
3.600000E+01 6.776040E-02 3.454462E-02
3.620000E+01 6.829380E-02 3.443290E-02
3.640000E+01 6.879630E-02 3.430614E-02
3.660000E+01 6.959510E-02 3.432622E-02
3.680000E+01 7.003270E-02 3.416762E-02
3.700000E+01 7.106940E-02 3.429957E-02
3.720000E+01 7.145210E-02 3.411447E-02
3.740000E+01 7.209210E-02 3.405289E-02
3.760000E+01 7.237980E-02 3.382604E-02
3.780000E+01 7.292060E-02 3.371911E-02
3.800000E+01 7.393650E-02 3.382994E-02
3.820000E+01 7.452480E-02 3.374299E-02
3.840000E+01 8.884000E-04 3.980665E-04
