# r N rho/M
0.000000E+00 0.000000E+00 0.000000E+00
2.000000E-01 0.000000E+00 0.000000E+00
4.000000E-01 0.000000E+00 0.000000E+00
6.000000E-01 0.000000E+00 0.000000E+00
8.000000E-01 0.000000E+00 0.000000E+00
1.000000E+00 0.000000E+00 0.000000E+00
1.200000E+00 0.000000E+00 0.000000E+00
1.400000E+00 0.000000E+00 0.000000E+00
1.600000E+00 0.000000E+00 0.000000E+00
1.800000E+00 0.000000E+00 0.000000E+00
2.000000E+00 0.000000E+00 0.000000E+00
2.200000E+00 0.000000E+00 0.000000E+00
2.400000E+00 0.000000E+00 0.000000E+00
2.600000E+00 0.000000E+00 0.000000E+00
2.800000E+00 0.000000E+00 0.000000E+00
3.000000E+00 0.000000E+00 0.000000E+00
3.200000E+00 0.000000E+00 0.000000E+00
3.400000E+00 0.000000E+00 0.000000E+00
3.600000E+00 0.000000E+00 0.000000E+00
3.800000E+00 0.000000E+00 0.000000E+00
4.000000E+00 0.000000E+00 0.000000E+00
4.200000E+00 0.000000E+00 0.000000E+00
4.400000E+00 0.000000E+00 0.000000E+00
4.600000E+00 0.000000E+00 0.000000E+00
4.800000E+00 0.000000E+00 0.000000E+00
5.000000E+00 0.000000E+00 0.000000E+00
5.200000E+00 0.000000E+00 0.000000E+00
5.400000E+00 0.000000E+00 0.000000E+00
5.600000E+00 0.000000E+00 0.000000E+00
5.800000E+00 2.000000E-07 3.928109E-06
6.000000E+00 3.000000E-07 5.505899E-06
6.200000E+00 2.200000E-06 3.781367E-05
6.400000E+00 1.120000E-05 1.806623E-04
6.600000E+00 1.950000E-05 2.957714E-04
6.800000E+00 4.950000E-05 7.072890E-04
7.000000E+00 8.990000E-05 1.212197E-03
7.200000E+00 1.498000E-04 1.909222E-03
7.400000E+00 2.181000E-04 2.631490E-03
7.600000E+00 2.948000E-04 3.372173E-03
7.800000E+00 3.911000E-04 4.247253E-03
8.000000E+00 4.734000E-04 4.887174E-03
8.200000E+00 5.612000E-04 5.514415E-03
8.400000E+00 6.461000E-04 6.049935E-03
8.600000E+00 7.424000E-04 6.632092E-03
8.800000E+00 8.526000E-04 7.274271E-03
9.000000E+00 9.290000E-04 7.577749E-03
9.200000E+00 1.118000E-03 8.727215E-03
9.400000E+00 1.284900E-03 9.607782E-03
9.600000E+00 1.499800E-03 1.075228E-02
9.800000E+00 1.652900E-03 1.137114E-02
1.000000E+01 1.866800E-03 1.233410E-02
1.020000E+01 2.044700E-03 1.298490E-02
1.040000E+01 2.258000E-03 1.379326E-02
1.060000E+01 2.491500E-03 1.465071E-02
1.080000E+01 2.697900E-03 1.528227E-02
1.100000E+01 2.962700E-03 1.617752E-02
1.120000E+01 3.141100E-03 1.654456E-02
1.140000E+01 3.303100E-03 1.679274E-02
1.160000E+01 3.448400E-03 1.693211E-02
1.180000E+01 3.581800E-03 1.699600E-02
1.200000E+01 3.725400E-03 1.709306E-02
1.220000E+01 3.873200E-03 1.719332E-02
1.240000E+01 4.066000E-03 1.747163E-02
1.260000E+01 4.176900E-03 1.738291E-02
1.280000E+01 4.364300E-03 1.759966E-02
1.300000E+01 4.547900E-03 1.778008E-02
1.320000E+01 4.744100E-03 1.798935E-02
1.340000E+01 4.990100E-03 1.836154E-02
1.360000E+01 5.166200E-03 1.845453E-02
1.380000E+01 5.311900E-03 1.842898E-02
1.400000E+01 5.461200E-03 1.840948E-02
1.420000E+01 5.461500E-03 1.789554E-02
1.440000E+01 5.538000E-03 1.764564E-02
1.460000E+01 5.650000E-03 1.751267E-02
1.480000E+01 5.642600E-03 1.702023E-02
1.500000E+01 5.814700E-03 1.707475E-02
1.520000E+01 5.955900E-03 1.703216E-02
1.540000E+01 6.011600E-03 1.674781E-02
1.560000E+01 6.126900E-03 1.663417E-02
1.580000E+01 6.194300E-03 1.639410E-02
1.600000E+01 6.226900E-03 1.607095E-02
1.620000E+01 6.190700E-03 1.558545E-02
1.640000E+01 6.232200E-03 1.530958E-02
1.660000E+01 6.188700E-03 1.483859E-02
1.680000E+01 6.155200E-03 1.440898E-02
1.700000E+01 6.142100E-03 1.404199E-02
1.720000E+01 6.124700E-03 1.367847E-02
1.740000E+01 6.177000E-03 1.347996E-02
1.760000E+01 6.195400E-03 1.321458E-02
1.780000E+01 6.240900E-03 1.301418E-02
1.800000E+01 6.198300E-03 1.263971E-02
1.820000E+01 6.279800E-03 1.252600E-02
1.840000E+01 6.326100E-03 1.234554E-02
1.860000E+01 6.354000E-03 1.213475E-02
1.880000E+01 6.394000E-03 1.195271E-02
1.900000E+01 6.491500E-03 1.188085E-02
1.920000E+01 6.486300E-03 1.162530E-02
1.940000E+01 6.535400E-03 1.147303E-02
1.960000E+01 6.558300E-03 1.127947E-02
1.980000E+01 6.616100E-03 1.115016E-02
2.000000E+01 6.632400E-03 1.095520E-02
2.020000E+01 6.679700E-03 1.081593E-02
2.040000E+01 6.654800E-03 1.056536E-02
2.060000E+01 6.712700E-03 1.045135E-02
2.080000E+01 6.739100E-03 1.029164E-02
2.100000E+01 6.732700E-03 1.008696E-02
2.120000E+01 6.803800E-03 1.000206E-02
2.140000E+01 6.818600E-03 9.837329E-03
2.160000E+01 6.802400E-03 9.633058E-03
2.180000E+01 6.838400E-03 9.507165E-03
2.200000E+01 6.861400E-03 9.366490E-03
2.220000E+01 6.898100E-03 9.247685E-03
2.240000E+01 6.916200E-03 9.107119E-03
2.260000E+01 6.955400E-03 8.997353E-03
2.280000E+01 6.966000E-03 8.853669E-03
2.300000E+01 7.023800E-03 8.772552E-03
2.320000E+01 7.045100E-03 8.648100E-03
2.340000E+01 7.135900E-03 8.610464E-03
2.360000E+01 7.142800E-03 8.473328E-03
2.380000E+01 7.193400E-03 8.390538E-03
2.400000E+01 7.240300E-03 8.305076E-03
2.420000E+01 7.296700E-03 8.231998E-03
2.440000E+01 7.346900E-03 8.153311E-03
2.460000E+01 7.399300E-03 8.078485E-03
2.480000E+01 7.451100E-03 8.004359E-03
2.500000E+01 7.500800E-03 7.929341E-03
2.520000E+01 7.520300E-03 7.824266E-03
2.540000E+01 7.610500E-03 7.793908E-03
2.560000E+01 7.705000E-03 7.767875E-03
2.580000E+01 7.719900E-03 7.662699E-03
2.600000E+01 7.826900E-03 7.649844E-03
2.620000E+01 7.825700E-03 7.532344E-03
2.640000E+01 7.909300E-03 7.497901E-03
2.660000E+01 7.995700E-03 7.466253E-03
2.680000E+01 8.000400E-03 7.359556E-03
2.700000E+01 8.132100E-03 7.370292E-03
2.720000E+01 8.167300E-03 7.293739E-03
2.740000E+01 8.207500E-03 7.223028E-03
2.760000E+01 8.318100E-03 7.214654E-03
2.780000E+01 8.395700E-03 7.177560E-03
2.800000E+01 8.422900E-03 7.098312E-03
2.820000E+01 8.528300E-03 7.085553E-03
2.840000E+01 8.581500E-03 7.029688E-03
2.860000E+01 8.631100E-03 6.971779E-03
2.880000E+01 8.759400E-03 6.977485E-03
2.900000E+01 8.798900E-03 6.912607E-03
2.920000E+01 8.779000E-03 6.802818E-03
2.940000E+01 8.951900E-03 6.842741E-03
2.960000E+01 9.003600E-03 6.789570E-03
2.980000E+01 9.041100E-03 6.726641E-03
3.000000E+01 9.164100E-03 6.727548E-03
3.020000E+01 9.277600E-03 6.720959E-03
3.040000E+01 9.326500E-03 6.667777E-03
3.060000E+01 9.405300E-03 6.636503E-03
3.080000E+01 9.469600E-03 6.595378E-03
3.100000E+01 9.548900E-03 6.565072E-03
3.120000E+01 9.647900E-03 6.548369E-03
3.140000E+01 9.687600E-03 6.491819E-03
3.160000E+01 9.821000E-03 6.498170E-03
3.180000E+01 9.883500E-03 6.457524E-03
3.200000E+01 9.947300E-03 6.418222E-03
3.220000E+01 1.003700E-02 6.395900E-03
3.240000E+01 1.016810E-02 6.399695E-03
3.260000E+01 1.022280E-02 6.355419E-03
3.280000E+01 1.027660E-02 6.311190E-03
3.300000E+01 1.035890E-02 6.284855E-03
3.320000E+01 1.048670E-02 6.285968E-03
3.340000E+01 1.059850E-02 6.277128E-03
3.360000E+01 1.067450E-02 6.247101E-03
3.380000E+01 1.074600E-02 6.214740E-03
3.400000E+01 1.089160E-02 6.225057E-03
3.420000E+01 1.086300E-02 6.136307E-03
3.440000E+01 1.101800E-02 6.151703E-03
3.460000E+01 1.110670E-02 6.129744E-03
3.480000E+01 1.118600E-02 6.102754E-03
3.500000E+01 1.130990E-02 6.100033E-03
3.520000E+01 1.139590E-02 6.076770E-03
3.540000E+01 1.143400E-02 6.028388E-03
3.560000E+01 1.158120E-02 6.037582E-03
3.580000E+01 1.163410E-02 5.997583E-03
3.600000E+01 1.169400E-02 5.961665E-03
3.620000E+01 1.184680E-02 5.973013E-03
3.640000E+01 1.194440E-02 5.956225E-03
3.660000E+01 1.201300E-02 5.925143E-03
3.680000E+01 1.212270E-02 5.914435E-03
3.700000E+01 1.218390E-02 5.880204E-03
3.720000E+01 1.232020E-02 5.882222E-03
3.740000E+01 1.234440E-02 5.830909E-03
3.760000E+01 1.256750E-02 5.873307E-03
3.780000E+01 1.261830E-02 5.834811E-03
3.800000E+01 1.269590E-02 5.809059E-03
3.820000E+01 1.283690E-02 5.812232E-03
3.840000E+01 1.297090E-02 5.811887E-03
3.860000E+01 1.298680E-02 5.758867E-03
3.880000E+01 1.312290E-02 5.759382E-03
3.900000E+01 1.328950E-02 5.772832E-03
3.920000E+01 1.332000E-02 5.727190E-03
3.940000E+01 1.346970E-02 5.732908E-03
3.960000E+01 1.356870E-02 5.716858E-03
3.980000E+01 1.365150E-02 5.694082E-03
4.000000E+01 1.376860E-02 5.685639E-03
4.020000E+01 1.387500E-02 5.672708E-03
4.040000E+01 1.400760E-02 5.670358E-03
4.060000E+01 1.403720E-02 5.626495E-03
4.080000E+01 1.425820E-02 5.659185E-03
4.100000E+01 1.430790E-02 5.623642E-03
4.120000E+01 1.454130E-02 5.660025E-03
4.140000E+01 1.454020E-02 5.605046E-03
4.160000E+01 1.466100E-02 5.597401E-03
4.180000E+01 1.482820E-02 5.607191E-03
4.200000E+01 1.492050E-02 5.588488E-03
4.220000E+01 1.503050E-02 5.576453E-03
4.240000E+01 1.509030E-02 5.545946E-03
4.260000E+01 1.523980E-02 5.548423E-03
4.280000E+01 1.534650E-02 5.535174E-03
4.300000E+01 1.544860E-02 5.520288E-03
4.320000E+01 1.550310E-02 5.488587E-03
4.340000E+01 1.573110E-02 5.518095E-03
4.360000E+01 1.578640E-02 5.486806E-03
4.380000E+01 1.595500E-02 5.494879E-03
4.400000E+01 1.603490E-02 5.472306E-03
4.420000E+01 1.610820E-02 5.447685E-03
4.440000E+01 1.628030E-02 5.456397E-03
4.460000E+01 1.646580E-02 5.469185E-03
4.480000E+01 1.651630E-02 5.437087E-03
4.500000E+01 1.666640E-02 5.437838E-03
4.520000E+01 1.676830E-02 5.422776E-03
4.540000E+01 1.694440E-02 5.431553E-03
4.560000E+01 1.706210E-02 5.421411E-03
4.580000E+01 1.714320E-02 5.399710E-03
4.600000E+01 1.729750E-02 5.401037E-03
4.620000E+01 1.740440E-02 5.387467E-03
4.640000E+01 1.753810E-02 5.382154E-03
4.660000E+01 1.774620E-02 5.399369E-03
4.680000E+01 1.784990E-02 5.384602E-03
4.700000E+01 1.795930E-02 5.371594E-03
4.720000E+01 1.821560E-02 5.402179E-03
4.740000E+01 1.822260E-02 5.358746E-03
4.760000E+01 1.824820E-02 5.321274E-03
4.780000E+01 1.850210E-02 5.350258E-03
4.800000E+01 1.862500E-02 5.341009E-03
4.820000E+01 1.871000E-02 5.320951E-03
4.840000E+01 1.883780E-02 5.313112E-03
4.860000E+01 1.896250E-02 5.304355E-03
4.880000E+01 1.918650E-02 5.323112E-03
4.900000E+01 1.936460E-02 5.328757E-03
4.920000E+01 1.940780E-02 5.297313E-03
4.940000E+01 1.951520E-02 5.283584E-03
4.960000E+01 1.968240E-02 5.285964E-03
4.980000E+01 1.975440E-02 5.262773E-03
5.000000E+01 1.994820E-02 5.271973E-03
5.020000E+01 2.019150E-02 5.293838E-03
5.040000E+01 2.021240E-02 5.257343E-03
5.060000E+01 2.027540E-02 5.232123E-03
5.080000E+01 2.049290E-02 5.246691E-03
5.100000E+01 2.066070E-02 5.248246E-03
5.120000E+01 2.064460E-02 5.203266E-03
5.140000E+01 2.091240E-02 5.229825E-03
5.160000E+01 2.100260E-02 5.211745E-03
5.180000E+01 2.128140E-02 5.240228E-03
5.200000E+01 2.134090E-02 5.214535E-03
5.220000E+01 2.162340E-02 5.243152E-03
5.240000E+01 2.163920E-02 5.207007E-03
5.260000E+01 2.178650E-02 5.202661E-03
5.280000E+01 2.197260E-02 5.207426E-03
5.300000E+01 2.208470E-02 5.194566E-03
5.320000E+01 2.224340E-02 5.192630E-03
5.340000E+01 2.239070E-02 5.187937E-03
5.360000E+01 2.254480E-02 5.184732E-03
5.380000E+01 2.269670E-02 5.180929E-03
5.400000E+01 2.277490E-02 5.160342E-03
5.420000E+01 2.297610E-02 5.167580E-03
5.440000E+01 2.323890E-02 5.188326E-03
5.460000E+01 2.344430E-02 5.195908E-03
5.480000E+01 2.343130E-02 5.155191E-03
5.500000E+01 2.367990E-02 5.172065E-03
5.520000E+01 2.383560E-02 5.168416E-03
5.540000E+01 2.397830E-02 5.161886E-03
5.560000E+01 2.392510E-02 5.113446E-03
5.580000E+01 2.430970E-02 5.158468E-03
5.600000E+01 2.444270E-02 5.149708E-03
5.620000E+01 2.454580E-02 5.134688E-03
5.640000E+01 2.474940E-02 5.140626E-03
5.660000E+01 2.483800E-02 5.122633E-03
5.680000E+01 2.503860E-02 5.127703E-03
5.700000E+01 2.524190E-02 5.133125E-03
5.720000E+01 2.535130E-02 5.119384E-03
5.740000E+01 2.554970E-02 5.123556E-03
5.760000E+01 2.577290E-02 5.132487E-03
5.780000E+01 2.598540E-02 5.139055E-03
5.800000E+01 2.612760E-02 5.131603E-03
5.820000E+01 1.384470E-02 2.700518E-03
