# r N rho/M
0.000000E+00 0.000000E+00 0.000000E+00
2.000000E-01 0.000000E+00 0.000000E+00
4.000000E-01 0.000000E+00 0.000000E+00
6.000000E-01 0.000000E+00 0.000000E+00
8.000000E-01 0.000000E+00 0.000000E+00
1.000000E+00 0.000000E+00 0.000000E+00
1.200000E+00 0.000000E+00 0.000000E+00
1.400000E+00 0.000000E+00 0.000000E+00
1.600000E+00 0.000000E+00 0.000000E+00
1.800000E+00 0.000000E+00 0.000000E+00
2.000000E+00 0.000000E+00 0.000000E+00
2.200000E+00 0.000000E+00 0.000000E+00
2.400000E+00 0.000000E+00 0.000000E+00
2.600000E+00 0.000000E+00 0.000000E+00
2.800000E+00 0.000000E+00 0.000000E+00
3.000000E+00 0.000000E+00 0.000000E+00
3.200000E+00 0.000000E+00 0.000000E+00
3.400000E+00 0.000000E+00 0.000000E+00
3.600000E+00 0.000000E+00 0.000000E+00
3.800000E+00 0.000000E+00 0.000000E+00
4.000000E+00 0.000000E+00 0.000000E+00
4.200000E+00 0.000000E+00 0.000000E+00
4.400000E+00 0.000000E+00 0.000000E+00
4.600000E+00 0.000000E+00 0.000000E+00
4.800000E+00 0.000000E+00 0.000000E+00
5.000000E+00 0.000000E+00 0.000000E+00
5.200000E+00 0.000000E+00 0.000000E+00
5.400000E+00 0.000000E+00 0.000000E+00
5.600000E+00 0.000000E+00 0.000000E+00
5.800000E+00 7.000000E-07 1.374838E-05
6.000000E+00 3.900000E-06 7.157669E-05
6.200000E+00 1.680000E-05 2.887589E-04
6.400000E+00 3.790000E-05 6.113484E-04
6.600000E+00 1.021000E-04 1.548629E-03
6.800000E+00 2.005000E-04 2.864878E-03
7.000000E+00 4.003000E-04 5.397579E-03
7.200000E+00 6.726000E-04 8.572379E-03
7.400000E+00 9.913000E-04 1.196055E-02
7.600000E+00 1.316500E-03 1.505924E-02
7.800000E+00 1.606100E-03 1.744186E-02
8.000000E+00 1.939400E-03 2.002151E-02
8.200000E+00 2.330300E-03 2.289779E-02
8.400000E+00 2.724700E-03 2.551348E-02
8.600000E+00 3.126300E-03 2.792822E-02
8.800000E+00 3.557000E-03 3.034786E-02
9.000000E+00 4.098000E-03 3.342693E-02
9.200000E+00 4.764300E-03 3.719058E-02
9.400000E+00 5.472000E-03 4.091663E-02
9.600000E+00 6.300000E-03 4.516558E-02
9.800000E+00 7.013000E-03 4.824599E-02
1.000000E+01 7.790000E-03 5.146915E-02
1.020000E+01 8.750900E-03 5.557275E-02
1.040000E+01 9.698100E-03 5.924197E-02
1.060000E+01 1.068830E-02 6.285016E-02
1.080000E+01 1.173890E-02 6.649506E-02
1.100000E+01 1.262390E-02 6.893149E-02
1.120000E+01 1.345940E-02 7.089232E-02
1.140000E+01 1.438800E-02 7.314763E-02
1.160000E+01 1.483030E-02 7.281879E-02
1.180000E+01 1.533630E-02 7.277230E-02
1.200000E+01 1.591000E-02 7.299905E-02
1.220000E+01 1.670060E-02 7.413477E-02
1.240000E+01 1.736450E-02 7.461539E-02
1.260000E+01 1.805120E-02 7.512327E-02
1.280000E+01 1.881190E-02 7.586164E-02
1.300000E+01 1.950350E-02 7.624921E-02
1.320000E+01 2.040160E-02 7.736168E-02
1.340000E+01 2.141220E-02 7.878820E-02
1.360000E+01 2.201430E-02 7.863874E-02
1.380000E+01 2.257220E-02 7.831144E-02
1.400000E+01 2.315980E-02 7.807073E-02
1.420000E+01 2.356420E-02 7.721213E-02
1.440000E+01 2.391630E-02 7.620413E-02
1.460000E+01 2.431990E-02 7.538164E-02
1.480000E+01 2.473280E-02 7.460353E-02
1.500000E+01 2.523580E-02 7.410441E-02
1.520000E+01 2.576010E-02 7.366647E-02
1.540000E+01 2.630700E-02 7.328910E-02
1.560000E+01 2.651370E-02 7.198312E-02
1.580000E+01 2.695880E-02 7.135031E-02
1.600000E+01 2.718820E-02 7.016976E-02
1.620000E+01 2.714630E-02 6.834238E-02
1.640000E+01 2.702070E-02 6.637712E-02
1.660000E+01 2.712820E-02 6.504506E-02
1.680000E+01 2.725450E-02 6.380125E-02
1.700000E+01 2.735690E-02 6.254298E-02
1.720000E+01 2.718710E-02 6.071773E-02
1.740000E+01 2.753210E-02 6.008283E-02
1.760000E+01 2.756650E-02 5.879844E-02
1.780000E+01 2.769920E-02 5.776127E-02
1.800000E+01 2.818450E-02 5.747445E-02
1.820000E+01 2.839980E-02 5.664767E-02
1.840000E+01 2.853980E-02 5.569610E-02
1.860000E+01 2.885630E-02 5.510922E-02
1.880000E+01 2.901910E-02 5.424725E-02
1.900000E+01 2.919620E-02 5.343535E-02
1.920000E+01 2.949460E-02 5.286273E-02
1.940000E+01 2.965750E-02 5.206437E-02
1.960000E+01 2.994150E-02 5.149569E-02
1.980000E+01 3.028280E-02 5.103583E-02
2.000000E+01 3.045810E-02 5.030977E-02
2.020000E+01 3.081720E-02 4.989993E-02
2.040000E+01 3.096510E-02 4.916111E-02
2.060000E+01 3.124650E-02 4.864928E-02
2.080000E+01 3.124240E-02 4.771196E-02
2.100000E+01 3.150630E-02 4.720286E-02
2.120000E+01 3.177860E-02 4.671674E-02
2.140000E+01 3.182510E-02 4.591470E-02
2.160000E+01 3.198820E-02 4.529933E-02
2.180000E+01 3.234150E-02 4.496314E-02
2.200000E+01 3.248830E-02 4.434975E-02
2.220000E+01 3.270150E-02 4.384007E-02
2.240000E+01 3.282230E-02 4.321977E-02
2.260000E+01 3.322760E-02 4.298249E-02
2.280000E+01 3.331500E-02 4.234281E-02
2.300000E+01 3.368540E-02 4.207223E-02
2.320000E+01 3.396830E-02 4.169724E-02
2.340000E+01 3.417990E-02 4.124284E-02
2.360000E+01 3.461070E-02 4.105782E-02
2.380000E+01 3.490750E-02 4.071687E-02
2.400000E+01 3.516580E-02 4.033737E-02
2.420000E+01 3.557890E-02 4.013944E-02
2.440000E+01 3.608050E-02 4.004077E-02
2.460000E+01 3.630690E-02 3.963953E-02
2.480000E+01 3.658000E-02 3.929614E-02
2.500000E+01 3.689410E-02 3.900196E-02
2.520000E+01 3.715160E-02 3.865324E-02
2.540000E+01 3.761430E-02 3.852078E-02
2.560000E+01 3.799750E-02 3.830757E-02
2.580000E+01 3.851160E-02 3.822625E-02
2.600000E+01 3.886560E-02 3.798640E-02
2.620000E+01 3.924730E-02 3.777606E-02
2.640000E+01 3.965140E-02 3.758895E-02
2.660000E+01 3.993180E-02 3.728766E-02
2.680000E+01 4.029630E-02 3.706851E-02
2.700000E+01 4.092800E-02 3.709390E-02
2.720000E+01 4.129560E-02 3.687869E-02
2.740000E+01 4.168050E-02 3.668101E-02
2.760000E+01 4.218670E-02 3.659038E-02
2.780000E+01 4.253590E-02 3.636433E-02
2.800000E+01 4.318270E-02 3.639178E-02
2.820000E+01 4.354430E-02 3.617784E-02
2.840000E+01 4.396110E-02 3.601151E-02
2.860000E+01 4.445570E-02 3.590913E-02
2.880000E+01 4.490140E-02 3.576716E-02
2.900000E+01 4.548850E-02 3.573676E-02
2.920000E+01 4.576850E-02 3.546586E-02
2.940000E+01 4.652340E-02 3.556201E-02
2.960000E+01 4.375860E-02 3.299814E-02
