# r N rho/M
0.000000E+00 0.000000E+00 0.000000E+00
2.000000E-01 0.000000E+00 0.000000E+00
4.000000E-01 0.000000E+00 0.000000E+00
6.000000E-01 0.000000E+00 0.000000E+00
8.000000E-01 0.000000E+00 0.000000E+00
1.000000E+00 0.000000E+00 0.000000E+00
1.200000E+00 0.000000E+00 0.000000E+00
1.400000E+00 0.000000E+00 0.000000E+00
1.600000E+00 0.000000E+00 0.000000E+00
1.800000E+00 0.000000E+00 0.000000E+00
2.000000E+00 0.000000E+00 0.000000E+00
2.200000E+00 0.000000E+00 0.000000E+00
2.400000E+00 0.000000E+00 0.000000E+00
2.600000E+00 0.000000E+00 0.000000E+00
2.800000E+00 0.000000E+00 0.000000E+00
3.000000E+00 0.000000E+00 0.000000E+00
3.200000E+00 0.000000E+00 0.000000E+00
3.400000E+00 0.000000E+00 0.000000E+00
3.600000E+00 0.000000E+00 0.000000E+00
3.800000E+00 0.000000E+00 0.000000E+00
4.000000E+00 0.000000E+00 0.000000E+00
4.200000E+00 0.000000E+00 0.000000E+00
4.400000E+00 0.000000E+00 0.000000E+00
4.600000E+00 0.000000E+00 0.000000E+00
4.800000E+00 0.000000E+00 0.000000E+00
5.000000E+00 0.000000E+00 0.000000E+00
5.200000E+00 0.000000E+00 0.000000E+00
5.400000E+00 0.000000E+00 0.000000E+00
5.600000E+00 5.000000E-07 1.053425E-05
5.800000E+00 3.600000E-06 7.070596E-05
6.000000E+00 1.970000E-05 3.615541E-04
6.200000E+00 7.320000E-05 1.258164E-03
6.400000E+00 1.980000E-04 3.193852E-03
6.600000E+00 4.860000E-04 7.371535E-03
6.800000E+00 1.017300E-03 1.453586E-02
7.000000E+00 1.886900E-03 2.544265E-02
7.200000E+00 3.172200E-03 4.043012E-02
7.400000E+00 4.672900E-03 5.638097E-02
7.600000E+00 6.111500E-03 6.990853E-02
7.800000E+00 7.677900E-03 8.338017E-02
8.000000E+00 9.389800E-03 9.693617E-02
8.200000E+00 1.074340E-02 1.055659E-01
8.400000E+00 1.249350E-02 1.169863E-01
8.600000E+00 1.459610E-02 1.303915E-01
8.800000E+00 1.669900E-02 1.424737E-01
9.000000E+00 1.949980E-02 1.590577E-01
9.200000E+00 2.226610E-02 1.738113E-01
9.400000E+00 2.565440E-02 1.918296E-01
9.600000E+00 2.915280E-02 2.090005E-01
9.800000E+00 3.285330E-02 2.260145E-01
1.000000E+01 3.641210E-02 2.405776E-01
1.020000E+01 4.098110E-02 2.602512E-01
1.040000E+01 4.495270E-02 2.745988E-01
1.060000E+01 4.951230E-02 2.911460E-01
1.080000E+01 5.376820E-02 3.045703E-01
1.100000E+01 5.751680E-02 3.140645E-01
1.120000E+01 6.073040E-02 3.198745E-01
1.140000E+01 6.269060E-02 3.187148E-01
1.160000E+01 6.503800E-02 3.193454E-01
1.180000E+01 6.642050E-02 3.151720E-01
1.200000E+01 6.821490E-02 3.129870E-01
1.220000E+01 6.972530E-02 3.095140E-01
1.240000E+01 7.086560E-02 3.045100E-01
1.260000E+01 7.328210E-02 3.049765E-01
1.280000E+01 7.433460E-02 2.997648E-01
1.300000E+01 7.612420E-02 2.976086E-01
1.320000E+01 7.827860E-02 2.968279E-01
1.340000E+01 7.970590E-02 2.932854E-01
1.360000E+01 8.185040E-02 2.923833E-01
1.380000E+01 8.288830E-02 2.875707E-01
1.400000E+01 8.404050E-02 2.832971E-01
1.420000E+01 8.470210E-02 2.775409E-01
1.440000E+01 8.520830E-02 2.714979E-01
1.460000E+01 8.579940E-02 2.659427E-01
1.480000E+01 8.684430E-02 2.619554E-01
1.500000E+01 8.745350E-02 2.568054E-01
1.520000E+01 8.869400E-02 2.536393E-01
1.540000E+01 8.978850E-02 2.501432E-01
1.560000E+01 9.059240E-02 2.459530E-01
1.580000E+01 9.124540E-02 2.414940E-01
1.600000E+01 9.133230E-02 2.357186E-01
1.620000E+01 9.078940E-02 2.285676E-01
1.640000E+01 9.079310E-02 2.230358E-01
1.660000E+01 9.026230E-02 2.164212E-01
1.680000E+01 9.052010E-02 2.119024E-01
1.700000E+01 9.004760E-02 2.058656E-01
1.720000E+01 8.991100E-02 2.008008E-01
1.740000E+01 8.999230E-02 1.963886E-01
1.760000E+01 9.054770E-02 1.931353E-01
1.780000E+01 9.094240E-02 1.896426E-01
1.800000E+01 9.155910E-02 1.867093E-01
1.820000E+01 9.203810E-02 1.835838E-01
1.840000E+01 9.270100E-02 1.809082E-01
1.860000E+01 9.314360E-02 1.778839E-01
1.880000E+01 9.363070E-02 1.750298E-01
1.900000E+01 9.448210E-02 1.729226E-01
1.920000E+01 9.473700E-02 1.697957E-01
1.940000E+01 9.559700E-02 1.678225E-01
1.960000E+01 9.645920E-02 1.658980E-01
1.980000E+01 9.721030E-02 1.638292E-01
2.000000E+01 9.783500E-02 1.616009E-01
2.020000E+01 9.860700E-02 1.596668E-01
2.040000E+01 1.001673E-01 1.590286E-01
2.060000E+01 9.991890E-02 1.555689E-01
2.080000E+01 1.009346E-01 1.541427E-01
2.100000E+01 1.013399E-01 1.518278E-01
2.120000E+01 1.022798E-01 1.503584E-01
2.140000E+01 1.028497E-01 1.483833E-01
2.160000E+01 1.032439E-01 1.462064E-01
2.180000E+01 1.044714E-01 1.452426E-01
2.200000E+01 1.048861E-01 1.431799E-01
2.220000E+01 1.063286E-01 1.425455E-01
2.240000E+01 1.067088E-01 1.405121E-01
2.260000E+01 1.076406E-01 1.392415E-01
2.280000E+01 1.088988E-01 1.384085E-01
2.300000E+01 1.100062E-01 1.373950E-01
2.320000E+01 1.105356E-01 1.356862E-01
2.340000E+01 1.118145E-01 1.349199E-01
2.360000E+01 1.127916E-01 1.338019E-01
2.380000E+01 1.141477E-01 1.331444E-01
2.400000E+01 1.152770E-01 1.322299E-01
2.420000E+01 1.163738E-01 1.312907E-01
2.440000E+01 1.171130E-01 1.299676E-01
2.460000E+01 1.181430E-01 1.289874E-01
2.480000E+01 1.196406E-01 1.285241E-01
2.500000E+01 7.502140E-02 7.930757E-02
