# r N rho/M
0.000000E+00 0.000000E+00 0.000000E+00
2.000000E-01 0.000000E+00 0.000000E+00
4.000000E-01 0.000000E+00 0.000000E+00
6.000000E-01 0.000000E+00 0.000000E+00
8.000000E-01 0.000000E+00 0.000000E+00
1.000000E+00 0.000000E+00 0.000000E+00
1.200000E+00 0.000000E+00 0.000000E+00
1.400000E+00 0.000000E+00 0.000000E+00
1.600000E+00 0.000000E+00 0.000000E+00
1.800000E+00 0.000000E+00 0.000000E+00
2.000000E+00 0.000000E+00 0.000000E+00
2.200000E+00 0.000000E+00 0.000000E+00
2.400000E+00 0.000000E+00 0.000000E+00
2.600000E+00 0.000000E+00 0.000000E+00
2.800000E+00 0.000000E+00 0.000000E+00
3.000000E+00 0.000000E+00 0.000000E+00
3.200000E+00 0.000000E+00 0.000000E+00
3.400000E+00 0.000000E+00 0.000000E+00
3.600000E+00 0.000000E+00 0.000000E+00
3.800000E+00 0.000000E+00 0.000000E+00
4.000000E+00 0.000000E+00 0.000000E+00
4.200000E+00 0.000000E+00 0.000000E+00
4.400000E+00 0.000000E+00 0.000000E+00
4.600000E+00 0.000000E+00 0.000000E+00
4.800000E+00 0.000000E+00 0.000000E+00
5.000000E+00 0.000000E+00 0.000000E+00
5.200000E+00 0.000000E+00 0.000000E+00
5.400000E+00 0.000000E+00 0.000000E+00
5.600000E+00 0.000000E+00 0.000000E+00
5.800000E+00 7.000000E-07 1.374838E-05
6.000000E+00 4.900000E-06 8.992969E-05
6.200000E+00 1.780000E-05 3.059470E-04
6.400000E+00 5.510000E-05 8.887941E-04
6.600000E+00 1.000000E-04 1.516777E-03
6.800000E+00 2.304000E-04 3.292109E-03
7.000000E+00 4.531000E-04 6.109526E-03
7.200000E+00 6.726000E-04 8.572379E-03
7.400000E+00 1.069600E-03 1.290528E-02
7.600000E+00 1.409100E-03 1.611848E-02
7.800000E+00 1.729900E-03 1.878630E-02
8.000000E+00 2.141100E-03 2.210378E-02
8.200000E+00 2.429300E-03 2.387058E-02
8.400000E+00 2.667600E-03 2.497880E-02
8.600000E+00 3.195100E-03 2.854283E-02
8.800000E+00 3.603300E-03 3.074288E-02
9.000000E+00 4.272400E-03 3.484949E-02
9.200000E+00 4.738100E-03 3.698606E-02
9.400000E+00 5.440100E-03 4.067810E-02
9.600000E+00 6.052200E-03 4.338907E-02
9.800000E+00 6.915600E-03 4.757592E-02
1.000000E+01 7.689300E-03 5.080381E-02
1.020000E+01 8.584800E-03 5.451793E-02
1.040000E+01 9.300900E-03 5.681563E-02
1.060000E+01 1.026140E-02 6.033987E-02
1.080000E+01 1.099510E-02 6.228180E-02
1.100000E+01 1.192820E-02 6.513270E-02
1.120000E+01 1.238440E-02 6.523016E-02
1.140000E+01 1.295400E-02 6.585727E-02
1.160000E+01 1.304410E-02 6.404831E-02
1.180000E+01 1.336640E-02 6.342492E-02
1.200000E+01 1.367030E-02 6.272275E-02
1.220000E+01 1.398940E-02 6.209962E-02
1.240000E+01 1.404900E-02 6.036866E-02
1.260000E+01 1.448790E-02 6.029397E-02
1.280000E+01 1.449700E-02 5.846120E-02
1.300000E+01 1.494090E-02 5.841166E-02
1.320000E+01 1.499860E-02 5.687382E-02
1.340000E+01 1.538240E-02 5.660099E-02
1.360000E+01 1.569910E-02 5.607980E-02
1.380000E+01 1.583090E-02 5.492334E-02
1.400000E+01 1.589080E-02 5.356723E-02
1.420000E+01 1.563270E-02 5.122321E-02
1.440000E+01 1.580430E-02 5.035699E-02
1.460000E+01 1.586650E-02 4.917959E-02
1.480000E+01 1.573250E-02 4.745520E-02
1.500000E+01 1.559690E-02 4.579998E-02
1.520000E+01 1.579220E-02 4.516115E-02
1.540000E+01 1.588400E-02 4.425149E-02
1.560000E+01 1.583650E-02 4.299515E-02
1.580000E+01 1.572450E-02 4.161714E-02
1.600000E+01 1.581150E-02 4.080775E-02
1.620000E+01 1.530920E-02 3.854180E-02
1.640000E+01 1.517190E-02 3.727021E-02
1.660000E+01 1.493790E-02 3.581648E-02
1.680000E+01 1.494980E-02 3.499664E-02
1.700000E+01 1.473540E-02 3.368787E-02
1.720000E+01 1.456660E-02 3.253200E-02
1.740000E+01 1.434310E-02 3.130070E-02
1.760000E+01 1.424300E-02 3.037985E-02
1.780000E+01 1.422890E-02 2.967159E-02
1.800000E+01 1.414590E-02 2.884663E-02
1.820000E+01 1.412300E-02 2.817044E-02
1.840000E+01 1.413120E-02 2.757737E-02
1.860000E+01 1.401050E-02 2.675699E-02
1.880000E+01 1.389870E-02 2.598173E-02
1.900000E+01 1.377900E-02 2.521854E-02
1.920000E+01 1.378230E-02 2.470181E-02
1.940000E+01 1.383790E-02 2.429273E-02
1.960000E+01 1.374600E-02 2.364143E-02
1.980000E+01 1.368630E-02 2.306562E-02
2.000000E+01 1.355840E-02 2.239536E-02
2.020000E+01 1.357210E-02 2.197626E-02
2.040000E+01 1.355050E-02 2.151317E-02
2.060000E+01 1.345090E-02 2.094240E-02
2.080000E+01 1.340690E-02 2.047440E-02
2.100000E+01 1.330040E-02 1.992671E-02
2.120000E+01 1.336160E-02 1.964248E-02
2.140000E+01 1.330150E-02 1.919034E-02
2.160000E+01 1.307770E-02 1.851968E-02
2.180000E+01 1.312730E-02 1.825038E-02
2.200000E+01 1.302820E-02 1.778478E-02
2.220000E+01 1.313310E-02 1.760641E-02
2.240000E+01 1.310640E-02 1.725826E-02
2.260000E+01 1.296770E-02 1.677473E-02
2.280000E+01 1.305230E-02 1.658925E-02
2.300000E+01 1.291790E-02 1.613414E-02
2.320000E+01 1.296050E-02 1.590945E-02
2.340000E+01 1.294850E-02 1.562418E-02
2.360000E+01 1.299260E-02 1.541280E-02
2.380000E+01 1.293120E-02 1.508323E-02
2.400000E+01 1.290880E-02 1.480720E-02
2.420000E+01 1.286800E-02 1.451743E-02
2.440000E+01 1.293930E-02 1.435954E-02
2.460000E+01 1.288280E-02 1.406532E-02
2.480000E+01 1.294220E-02 1.390318E-02
2.500000E+01 1.283610E-02 1.356946E-02
2.520000E+01 1.299920E-02 1.352462E-02
2.540000E+01 1.300860E-02 1.332210E-02
2.560000E+01 1.306330E-02 1.316990E-02
2.580000E+01 1.318020E-02 1.308254E-02
2.600000E+01 1.301550E-02 1.272107E-02
2.620000E+01 1.320400E-02 1.270903E-02
2.640000E+01 1.304620E-02 1.236761E-02
2.660000E+01 1.316460E-02 1.229289E-02
2.680000E+01 1.320490E-02 1.214717E-02
2.700000E+01 1.323810E-02 1.199797E-02
2.720000E+01 1.316600E-02 1.175779E-02
2.740000E+01 1.326280E-02 1.167195E-02
2.760000E+01 1.322310E-02 1.146898E-02
2.780000E+01 1.338600E-02 1.144381E-02
2.800000E+01 1.346100E-02 1.134412E-02
2.820000E+01 1.344600E-02 1.117132E-02
2.840000E+01 1.342730E-02 1.099921E-02
2.860000E+01 1.356170E-02 1.095448E-02
2.880000E+01 1.355600E-02 1.079832E-02
2.900000E+01 1.364920E-02 1.072311E-02
2.920000E+01 1.368980E-02 1.060818E-02
2.940000E+01 1.368850E-02 1.046335E-02
2.960000E+01 1.369740E-02 1.032914E-02
2.980000E+01 1.378800E-02 1.025837E-02
3.000000E+01 1.381030E-02 1.013842E-02
3.020000E+01 1.391730E-02 1.008209E-02
3.040000E+01 1.398390E-02 9.997482E-03
3.060000E+01 1.402140E-02 9.893684E-03
3.080000E+01 1.412580E-02 9.838324E-03
3.100000E+01 1.418500E-02 9.752489E-03
3.120000E+01 1.415790E-02 9.609464E-03
3.140000E+01 1.418170E-02 9.503389E-03
3.160000E+01 1.427320E-02 9.444016E-03
3.180000E+01 1.428960E-02 9.336312E-03
3.200000E+01 1.453660E-02 9.379342E-03
3.220000E+01 1.444370E-02 9.203992E-03
3.240000E+01 1.457420E-02 9.172848E-03
3.260000E+01 1.465850E-02 9.113052E-03
3.280000E+01 1.467420E-02 9.011898E-03
3.300000E+01 1.489180E-02 9.035014E-03
3.320000E+01 1.480610E-02 8.875116E-03
3.340000E+01 1.480440E-02 8.768138E-03
3.360000E+01 1.497840E-02 8.765897E-03
3.380000E+01 1.505300E-02 8.705609E-03
3.400000E+01 1.517150E-02 8.671220E-03
3.420000E+01 1.521780E-02 8.596253E-03
3.440000E+01 1.523310E-02 8.505129E-03
3.460000E+01 1.536390E-02 8.479276E-03
3.480000E+01 1.537330E-02 8.387222E-03
3.500000E+01 1.541370E-02 8.313431E-03
3.520000E+01 1.563290E-02 8.336116E-03
3.540000E+01 1.578400E-02 8.321853E-03
3.560000E+01 1.573990E-02 8.205622E-03
3.580000E+01 1.576870E-02 8.129042E-03
3.600000E+01 1.587960E-02 8.095507E-03
3.620000E+01 1.599680E-02 8.065392E-03
3.640000E+01 1.607150E-02 8.014255E-03
3.660000E+01 1.615450E-02 7.967845E-03
3.680000E+01 1.623840E-02 7.922406E-03
3.700000E+01 1.629760E-02 7.865561E-03
3.720000E+01 1.633330E-02 7.798257E-03
3.740000E+01 1.639710E-02 7.745213E-03
3.760000E+01 1.661230E-02 7.763608E-03
3.780000E+01 1.668310E-02 7.714409E-03
3.800000E+01 1.683240E-02 7.701731E-03
3.820000E+01 1.682690E-02 7.618806E-03
3.840000E+01 1.693820E-02 7.589520E-03
3.860000E+01 1.693910E-02 7.511475E-03
3.880000E+01 1.697560E-02 7.450256E-03
3.900000E+01 1.706520E-02 7.412960E-03
3.920000E+01 1.727080E-02 7.425913E-03
3.940000E+01 1.722420E-02 7.330880E-03
3.960000E+01 1.754870E-02 7.393739E-03
3.980000E+01 1.753660E-02 7.314569E-03
4.000000E+01 1.758760E-02 7.262667E-03
4.020000E+01 1.771900E-02 7.244303E-03
4.040000E+01 1.770980E-02 7.169031E-03
4.060000E+01 1.793160E-02 7.187477E-03
4.080000E+01 1.805160E-02 7.164813E-03
4.100000E+01 1.818920E-02 7.149166E-03
4.120000E+01 1.818200E-02 7.077123E-03
4.140000E+01 1.837940E-02 7.085005E-03
4.160000E+01 1.848260E-02 7.056444E-03
4.180000E+01 1.850580E-02 6.997853E-03
4.200000E+01 1.865600E-02 6.987623E-03
4.220000E+01 1.885560E-02 6.995600E-03
4.240000E+01 1.875130E-02 6.891427E-03
4.260000E+01 1.899410E-02 6.915268E-03
4.280000E+01 1.904700E-02 6.869871E-03
4.300000E+01 1.921930E-02 6.867682E-03
4.320000E+01 1.917540E-02 6.788697E-03
4.340000E+01 1.943930E-02 6.818843E-03
4.360000E+01 1.950430E-02 6.779020E-03
4.380000E+01 1.958520E-02 6.745114E-03
4.400000E+01 1.959490E-02 6.687245E-03
4.420000E+01 1.988180E-02 6.723891E-03
4.440000E+01 1.997390E-02 6.694320E-03
4.460000E+01 1.994680E-02 6.625414E-03
4.480000E+01 2.009760E-02 6.616033E-03
4.500000E+01 2.013990E-02 6.571156E-03
4.520000E+01 2.038450E-02 6.592235E-03
4.540000E+01 2.047370E-02 6.562875E-03
4.560000E+01 2.053310E-02 6.524306E-03
4.580000E+01 2.078540E-02 6.546919E-03
4.600000E+01 2.083120E-02 6.504413E-03
4.620000E+01 2.087610E-02 6.462119E-03
4.640000E+01 2.110350E-02 6.476316E-03
4.660000E+01 2.112370E-02 6.426991E-03
4.680000E+01 2.132390E-02 6.432569E-03
4.700000E+01 2.138760E-02 6.396993E-03
4.720000E+01 2.145260E-02 6.362173E-03
4.740000E+01 2.157610E-02 6.344914E-03
4.760000E+01 2.170500E-02 6.329296E-03
4.780000E+01 2.179910E-02 6.303653E-03
4.800000E+01 2.197780E-02 6.302477E-03
4.820000E+01 2.221000E-02 6.316318E-03
4.840000E+01 2.225000E-02 6.275507E-03
4.860000E+01 2.244300E-02 6.277950E-03
4.880000E+01 2.247230E-02 6.234726E-03
4.900000E+01 2.258490E-02 6.214920E-03
4.920000E+01 2.279170E-02 6.220940E-03
4.940000E+01 2.288020E-02 6.194631E-03
4.960000E+01 2.301880E-02 6.181998E-03
4.980000E+01 2.299600E-02 6.126369E-03
5.000000E+01 2.325210E-02 6.145139E-03
5.020000E+01 2.342270E-02 6.140999E-03
5.040000E+01 2.336760E-02 6.078026E-03
5.060000E+01 2.369250E-02 6.113915E-03
5.080000E+01 2.385110E-02 6.106474E-03
5.100000E+01 2.386130E-02 6.061265E-03
5.120000E+01 2.411430E-02 6.077770E-03
5.140000E+01 2.411770E-02 6.031414E-03
5.160000E+01 2.432250E-02 6.035570E-03
5.180000E+01 2.440230E-02 6.008703E-03
5.200000E+01 2.452300E-02 5.992064E-03
5.220000E+01 2.464780E-02 5.976496E-03
5.240000E+01 2.478280E-02 5.963446E-03
5.260000E+01 2.493570E-02 5.954696E-03
5.280000E+01 2.503260E-02 5.932635E-03
5.300000E+01 2.535920E-02 5.964765E-03
5.320000E+01 2.549030E-02 5.950606E-03
5.340000E+01 2.552280E-02 5.913646E-03
5.360000E+01 2.568450E-02 5.906783E-03
5.380000E+01 2.585960E-02 5.902918E-03
5.400000E+01 2.594970E-02 5.879689E-03
5.420000E+01 2.608760E-02 5.867391E-03
5.440000E+01 2.628120E-02 5.867551E-03
5.460000E+01 2.644590E-02 5.861146E-03
5.480000E+01 2.655790E-02 5.843084E-03
5.500000E+01 2.665590E-02 5.822071E-03
5.520000E+01 2.676360E-02 5.803312E-03
5.540000E+01 2.707440E-02 5.828393E-03
5.560000E+01 2.712610E-02 5.797587E-03
5.580000E+01 2.731670E-02 5.796547E-03
5.600000E+01 2.745050E-02 5.783406E-03
5.620000E+01 2.754760E-02 5.762629E-03
5.640000E+01 2.779900E-02 5.774049E-03
5.660000E+01 2.779730E-02 5.732965E-03
5.680000E+01 2.811550E-02 5.757827E-03
5.700000E+01 2.818710E-02 5.732053E-03
5.720000E+01 2.822420E-02 5.699531E-03
5.740000E+01 2.851080E-02 5.717355E-03
5.760000E+01 2.871490E-02 5.718365E-03
5.780000E+01 2.873850E-02 5.683527E-03
5.800000E+01 2.899140E-02 5.694069E-03
5.820000E+01 2.909340E-02 5.674897E-03
5.840000E+01 2.926610E-02 5.669551E-03
5.860000E+01 2.941530E-02 5.659624E-03
5.880000E+01 2.967770E-02 5.671332E-03
5.900000E+01 2.976540E-02 5.649594E-03
5.920000E+01 2.984380E-02 5.626265E-03
5.940000E+01 3.001310E-02 5.620144E-03
5.960000E+01 3.027480E-02 5.631165E-03
5.980000E+01 3.038730E-02 5.614347E-03
6.000000E+01 3.058400E-02 5.613081E-03
6.020000E+01 3.069760E-02 5.596557E-03
6.040000E+01 3.090550E-02 5.597207E-03
6.060000E+01 3.103530E-02 5.583676E-03
6.080000E+01 3.120250E-02 5.576886E-03
6.100000E+01 3.125900E-02 5.550408E-03
6.120000E+01 3.168540E-02 5.589409E-03
6.140000E+01 3.174990E-02 5.564359E-03
6.160000E+01 3.180670E-02 5.538175E-03
6.180000E+01 3.211370E-02 5.555497E-03
6.200000E+01 3.231730E-02 5.554708E-03
6.220000E+01 3.251080E-02 5.552089E-03
6.240000E+01 3.239020E-02 5.496092E-03
6.260000E+01 3.261180E-02 5.498391E-03
6.280000E+01 3.291980E-02 5.515024E-03
6.300000E+01 3.319540E-02 5.525942E-03
6.320000E+01 3.336470E-02 5.519028E-03
6.340000E+01 3.367260E-02 5.534873E-03
6.360000E+01 3.365190E-02 5.496736E-03
6.380000E+01 3.386110E-02 5.496285E-03
6.400000E+01 3.386400E-02 5.462454E-03
6.420000E+01 3.415510E-02 5.475137E-03
6.440000E+01 3.439110E-02 5.478780E-03
6.460000E+01 3.458680E-02 5.475892E-03
6.480000E+01 3.492490E-02 5.495341E-03
6.500000E+01 3.488910E-02 5.455977E-03
6.520000E+01 3.515870E-02 5.464458E-03
6.540000E+01 3.526450E-02 5.447431E-03
6.560000E+01 3.548910E-02 5.448749E-03
6.580000E+01 3.568350E-02 5.445342E-03
6.600000E+01 3.590430E-02 5.445880E-03
6.620000E+01 3.620760E-02 5.458751E-03
6.640000E+01 3.625160E-02 5.432510E-03
6.660000E+01 3.638610E-02 5.419966E-03
6.680000E+01 3.656960E-02 5.414730E-03
6.700000E+01 3.696500E-02 5.440648E-03
6.720000E+01 3.697110E-02 5.409204E-03
6.740000E+01 3.723980E-02 5.416229E-03
6.760000E+01 3.737560E-02 5.403863E-03
6.780000E+01 3.764650E-02 5.410965E-03
6.800000E+01 3.774740E-02 5.393600E-03
6.820000E+01 3.784180E-02 5.375422E-03
6.840000E+01 3.816150E-02 5.389181E-03
6.860000E+01 3.836400E-02 5.386233E-03
6.880000E+01 3.850660E-02 5.374868E-03
6.900000E+01 3.886880E-02 5.394019E-03
6.920000E+01 3.913400E-02 5.399475E-03
6.940000E+01 3.916410E-02 5.372528E-03
6.960000E+01 3.945550E-02 5.381441E-03
6.980000E+01 3.951240E-02 5.358362E-03
7.000000E+01 3.972110E-02 5.355928E-03
7.020000E+01 3.986050E-02 5.344142E-03
7.040000E+01 4.009530E-02 5.345122E-03
7.060000E+01 4.048430E-02 5.366446E-03
7.080000E+01 4.060260E-02 5.351763E-03
7.100000E+01 4.085760E-02 5.355076E-03
7.120000E+01 4.110670E-02 5.357499E-03
7.140000E+01 4.127450E-02 5.349275E-03
7.160000E+01 4.153210E-02 5.352632E-03
7.180000E+01 4.176670E-02 5.352920E-03
7.200000E+01 4.193260E-02 5.344367E-03
7.220000E+01 4.211640E-02 5.338096E-03
7.240000E+01 4.215110E-02 5.313018E-03
7.260000E+01 4.261110E-02 5.341448E-03
7.280000E+01 4.279760E-02 5.335390E-03
7.300000E+01 4.286550E-02 5.314613E-03
7.320000E+01 4.319580E-02 5.326340E-03
7.340000E+01 1.332780E-02 1.634466E-03
