# r N rho/M
0.000000E+00 0.000000E+00 0.000000E+00
2.000000E-01 0.000000E+00 0.000000E+00
4.000000E-01 0.000000E+00 0.000000E+00
6.000000E-01 0.000000E+00 0.000000E+00
8.000000E-01 0.000000E+00 0.000000E+00
1.000000E+00 0.000000E+00 0.000000E+00
1.200000E+00 0.000000E+00 0.000000E+00
1.400000E+00 0.000000E+00 0.000000E+00
1.600000E+00 0.000000E+00 0.000000E+00
1.800000E+00 0.000000E+00 0.000000E+00
2.000000E+00 0.000000E+00 0.000000E+00
2.200000E+00 0.000000E+00 0.000000E+00
2.400000E+00 0.000000E+00 0.000000E+00
2.600000E+00 0.000000E+00 0.000000E+00
2.800000E+00 0.000000E+00 0.000000E+00
3.000000E+00 0.000000E+00 0.000000E+00
3.200000E+00 0.000000E+00 0.000000E+00
3.400000E+00 0.000000E+00 0.000000E+00
3.600000E+00 0.000000E+00 0.000000E+00
3.800000E+00 0.000000E+00 0.000000E+00
4.000000E+00 0.000000E+00 0.000000E+00
4.200000E+00 0.000000E+00 0.000000E+00
4.400000E+00 0.000000E+00 0.000000E+00
4.600000E+00 0.000000E+00 0.000000E+00
4.800000E+00 0.000000E+00 0.000000E+00
5.000000E+00 0.000000E+00 0.000000E+00
5.200000E+00 0.000000E+00 0.000000E+00
5.400000E+00 0.000000E+00 0.000000E+00
5.600000E+00 9.000000E-07 1.896164E-05
5.800000E+00 3.100000E-06 6.088569E-05
6.000000E+00 1.810000E-05 3.321893E-04
6.200000E+00 8.080000E-05 1.388793E-03
6.400000E+00 2.280000E-04 3.677769E-03
6.600000E+00 4.942000E-04 7.495910E-03
6.800000E+00 1.073000E-03 1.533174E-02
7.000000E+00 2.029000E-03 2.735870E-02
7.200000E+00 3.341600E-03 4.258915E-02
7.400000E+00 5.032600E-03 6.072094E-02
7.600000E+00 6.586400E-03 7.534083E-02
7.800000E+00 8.375900E-03 9.096028E-02
8.000000E+00 1.014220E-02 1.047036E-01
8.200000E+00 1.183260E-02 1.162685E-01
8.400000E+00 1.375410E-02 1.287903E-01
8.600000E+00 1.584900E-02 1.415841E-01
8.800000E+00 1.830130E-02 1.561443E-01
9.000000E+00 2.113390E-02 1.723869E-01
9.200000E+00 2.443220E-02 1.907201E-01
9.400000E+00 2.791990E-02 2.087698E-01
9.600000E+00 3.195540E-02 2.290927E-01
9.800000E+00 3.579990E-02 2.462857E-01
1.000000E+01 3.996180E-02 2.640308E-01
1.020000E+01 4.471660E-02 2.839736E-01
1.040000E+01 4.951230E-02 3.024516E-01
1.060000E+01 5.410030E-02 3.181247E-01
1.080000E+01 5.901890E-02 3.343129E-01
1.100000E+01 6.373140E-02 3.479987E-01
1.120000E+01 6.732340E-02 3.546006E-01
1.140000E+01 6.953390E-02 3.535057E-01
1.160000E+01 7.190690E-02 3.530727E-01
1.180000E+01 7.382290E-02 3.502971E-01
1.200000E+01 7.532560E-02 3.456126E-01
1.220000E+01 7.774570E-02 3.451169E-01
1.240000E+01 7.874570E-02 3.383709E-01
1.260000E+01 8.082450E-02 3.363655E-01
1.280000E+01 8.302110E-02 3.347943E-01
1.300000E+01 8.449880E-02 3.303493E-01
1.320000E+01 8.672810E-02 3.288679E-01
1.340000E+01 8.874270E-02 3.265371E-01
1.360000E+01 9.058540E-02 3.235861E-01
1.380000E+01 9.214200E-02 3.196752E-01
1.400000E+01 9.319030E-02 3.141407E-01
1.420000E+01 9.486090E-02 3.108279E-01
1.440000E+01 9.536030E-02 3.038450E-01
1.460000E+01 9.616910E-02 2.980845E-01
1.480000E+01 9.706530E-02 2.927858E-01
1.500000E+01 9.846670E-02 2.891455E-01
1.520000E+01 9.994540E-02 2.858151E-01
1.540000E+01 1.010139E-01 2.814163E-01
1.560000E+01 1.020509E-01 2.770621E-01
1.580000E+01 1.028816E-01 2.722908E-01
1.600000E+01 1.032474E-01 2.664702E-01
1.620000E+01 1.031269E-01 2.596279E-01
1.640000E+01 1.026170E-01 2.520816E-01
1.660000E+01 1.024367E-01 2.456116E-01
1.680000E+01 1.023136E-01 2.395104E-01
1.700000E+01 1.027063E-01 2.348058E-01
1.720000E+01 1.031825E-01 2.304404E-01
1.740000E+01 1.032937E-01 2.254161E-01
1.760000E+01 1.036136E-01 2.210044E-01
1.780000E+01 1.043655E-01 2.176339E-01
1.800000E+01 1.047172E-01 2.135416E-01
1.820000E+01 1.054548E-01 2.103454E-01
1.840000E+01 1.061493E-01 2.071529E-01
1.860000E+01 1.072593E-01 2.048418E-01
1.880000E+01 1.080498E-01 2.019844E-01
1.900000E+01 1.090940E-01 1.996656E-01
1.920000E+01 1.099223E-01 1.970121E-01
1.940000E+01 1.108169E-01 1.945414E-01
1.960000E+01 1.119909E-01 1.926106E-01
1.980000E+01 1.128410E-01 1.901718E-01
2.000000E+01 1.134489E-01 1.873915E-01
2.020000E+01 1.153618E-01 1.867965E-01
2.040000E+01 1.157815E-01 1.838181E-01
2.060000E+01 1.171868E-01 1.824542E-01
2.080000E+01 1.176819E-01 1.797184E-01
2.100000E+01 1.184770E-01 1.775027E-01
2.120000E+01 1.194806E-01 1.756448E-01
2.140000E+01 1.204096E-01 1.737173E-01
2.160000E+01 1.215174E-01 1.720840E-01
2.180000E+01 1.223904E-01 1.701547E-01
2.200000E+01 1.234040E-01 1.684587E-01
2.220000E+01 1.246284E-01 1.670785E-01
2.240000E+01 1.263469E-01 1.663712E-01
2.260000E+01 1.267495E-01 1.639604E-01
2.280000E+01 1.284658E-01 1.632779E-01
2.300000E+01 1.292480E-01 1.614276E-01
2.320000E+01 1.309990E-01 1.608057E-01
2.340000E+01 1.322160E-01 1.595371E-01
2.360000E+01 2.763130E-02 3.277833E-02
