# r N rho/M
0.000000E+00 0.000000E+00 0.000000E+00
2.000000E-01 0.000000E+00 0.000000E+00
4.000000E-01 0.000000E+00 0.000000E+00
6.000000E-01 0.000000E+00 0.000000E+00
8.000000E-01 0.000000E+00 0.000000E+00
1.000000E+00 0.000000E+00 0.000000E+00
1.200000E+00 0.000000E+00 0.000000E+00
1.400000E+00 0.000000E+00 0.000000E+00
1.600000E+00 0.000000E+00 0.000000E+00
1.800000E+00 0.000000E+00 0.000000E+00
2.000000E+00 0.000000E+00 0.000000E+00
2.200000E+00 0.000000E+00 0.000000E+00
2.400000E+00 0.000000E+00 0.000000E+00
2.600000E+00 0.000000E+00 0.000000E+00
2.800000E+00 0.000000E+00 0.000000E+00
3.000000E+00 0.000000E+00 0.000000E+00
3.200000E+00 0.000000E+00 0.000000E+00
3.400000E+00 0.000000E+00 0.000000E+00
3.600000E+00 0.000000E+00 0.000000E+00
3.800000E+00 0.000000E+00 0.000000E+00
4.000000E+00 0.000000E+00 0.000000E+00
4.200000E+00 0.000000E+00 0.000000E+00
4.400000E+00 0.000000E+00 0.000000E+00
4.600000E+00 0.000000E+00 0.000000E+00
4.800000E+00 0.000000E+00 0.000000E+00
5.000000E+00 0.000000E+00 0.000000E+00
5.200000E+00 0.000000E+00 0.000000E+00
5.400000E+00 0.000000E+00 0.000000E+00
5.600000E+00 0.000000E+00 0.000000E+00
5.800000E+00 3.200000E-06 6.284974E-05
6.000000E+00 9.500000E-06 1.743535E-04
6.200000E+00 4.180000E-05 7.184597E-04
6.400000E+00 1.203000E-04 1.940507E-03
6.600000E+00 3.284000E-04 4.981095E-03
6.800000E+00 6.282000E-04 8.976140E-03
7.000000E+00 1.192400E-03 1.607812E-02
7.200000E+00 2.050800E-03 2.613773E-02
7.400000E+00 2.991400E-03 3.609280E-02
7.600000E+00 4.138400E-03 4.733853E-02
7.800000E+00 5.040300E-03 5.473646E-02
8.000000E+00 6.151900E-03 6.350952E-02
8.200000E+00 7.137400E-03 7.013291E-02
8.400000E+00 8.344800E-03 7.813882E-02
8.600000E+00 9.619400E-03 8.593312E-02
8.800000E+00 1.100860E-02 9.392393E-02
9.000000E+00 1.254230E-02 1.023061E-01
9.200000E+00 1.459440E-02 1.139253E-01
9.400000E+00 1.650300E-02 1.234004E-01
9.600000E+00 1.896340E-02 1.359513E-01
9.800000E+00 2.116910E-02 1.456330E-01
1.000000E+01 2.330220E-02 1.539595E-01
1.020000E+01 2.614650E-02 1.660438E-01
1.040000E+01 2.882860E-02 1.761028E-01
1.060000E+01 3.154590E-02 1.854986E-01
1.080000E+01 3.415610E-02 1.934774E-01
1.100000E+01 3.697440E-02 2.018949E-01
1.120000E+01 3.823560E-02 2.013916E-01
1.140000E+01 3.979990E-02 2.023400E-01
1.160000E+01 4.111170E-02 2.018640E-01
1.180000E+01 4.207370E-02 1.996440E-01
1.200000E+01 4.290720E-02 1.968689E-01
1.220000E+01 4.380700E-02 1.944614E-01
1.240000E+01 4.451900E-02 1.912985E-01
1.260000E+01 4.538840E-02 1.888919E-01
1.280000E+01 4.638290E-02 1.870456E-01
1.300000E+01 4.719680E-02 1.845166E-01
1.320000E+01 4.823760E-02 1.829142E-01
1.340000E+01 4.938920E-02 1.817322E-01
1.360000E+01 5.051530E-02 1.804491E-01
1.380000E+01 5.095110E-02 1.767685E-01
1.400000E+01 5.151230E-02 1.736458E-01
1.420000E+01 5.178780E-02 1.696916E-01
1.440000E+01 5.179890E-02 1.650460E-01
1.460000E+01 5.176520E-02 1.604507E-01
1.480000E+01 5.214410E-02 1.572864E-01
1.500000E+01 5.251990E-02 1.542236E-01
1.520000E+01 5.287940E-02 1.512199E-01
1.540000E+01 5.357550E-02 1.492569E-01
1.560000E+01 5.366240E-02 1.456902E-01
1.580000E+01 5.354390E-02 1.417116E-01
1.600000E+01 5.360540E-02 1.383497E-01
1.620000E+01 5.295820E-02 1.333253E-01
1.640000E+01 5.254500E-02 1.290783E-01
1.660000E+01 5.210460E-02 1.249308E-01
1.680000E+01 5.202680E-02 1.217918E-01
1.700000E+01 5.182570E-02 1.184832E-01
1.720000E+01 5.130450E-02 1.145798E-01
1.740000E+01 5.128380E-02 1.119158E-01
1.760000E+01 5.112740E-02 1.090531E-01
1.780000E+01 5.120830E-02 1.067849E-01
1.800000E+01 5.145060E-02 1.049192E-01
1.820000E+01 5.135410E-02 1.024335E-01
1.840000E+01 5.134500E-02 1.002010E-01
1.860000E+01 5.129420E-02 9.796070E-02
1.880000E+01 5.107540E-02 9.547850E-02
1.900000E+01 5.158030E-02 9.440308E-02
1.920000E+01 5.168410E-02 9.263263E-02
1.940000E+01 5.178420E-02 9.090825E-02
1.960000E+01 5.157170E-02 8.869698E-02
1.980000E+01 5.182540E-02 8.734173E-02
2.000000E+01 5.200940E-02 8.590756E-02
2.020000E+01 5.230830E-02 8.469882E-02
2.040000E+01 5.240730E-02 8.320338E-02
2.060000E+01 5.255650E-02 8.182792E-02
2.080000E+01 5.262860E-02 8.037198E-02
2.100000E+01 5.252760E-02 7.869705E-02
2.120000E+01 5.261260E-02 7.734416E-02
2.140000E+01 5.272930E-02 7.607360E-02
2.160000E+01 5.278400E-02 7.474881E-02
2.180000E+01 5.285110E-02 7.347685E-02
2.200000E+01 5.323580E-02 7.267214E-02
2.220000E+01 5.325310E-02 7.139182E-02
2.240000E+01 5.347730E-02 7.041788E-02
2.260000E+01 5.369610E-02 6.946010E-02
2.280000E+01 5.385560E-02 6.844956E-02
2.300000E+01 5.408840E-02 6.755507E-02
2.320000E+01 5.458740E-02 6.700789E-02
2.340000E+01 5.488540E-02 6.622693E-02
2.360000E+01 5.505360E-02 6.530873E-02
2.380000E+01 5.525070E-02 6.444562E-02
2.400000E+01 5.533290E-02 6.347029E-02
2.420000E+01 5.595990E-02 6.313290E-02
2.440000E+01 5.588320E-02 6.201705E-02
2.460000E+01 5.627810E-02 6.144389E-02
2.480000E+01 5.662450E-02 6.082898E-02
2.500000E+01 5.733560E-02 6.061134E-02
2.520000E+01 5.768410E-02 6.001565E-02
2.540000E+01 5.811300E-02 5.951348E-02
2.560000E+01 5.848800E-02 5.896528E-02
2.580000E+01 5.887570E-02 5.843946E-02
2.600000E+01 5.928140E-02 5.794037E-02
2.620000E+01 5.968750E-02 5.745004E-02
2.640000E+01 6.010890E-02 5.698236E-02
2.660000E+01 6.061790E-02 5.660400E-02
2.680000E+01 6.108370E-02 5.619081E-02
2.700000E+01 6.164380E-02 5.586906E-02
2.720000E+01 6.212000E-02 5.547575E-02
2.740000E+01 6.287220E-02 5.533081E-02
2.760000E+01 6.310330E-02 5.473226E-02
2.780000E+01 6.378230E-02 5.452807E-02
2.800000E+01 6.432300E-02 5.420754E-02
2.820000E+01 6.459460E-02 5.366702E-02
2.840000E+01 6.525400E-02 5.345397E-02
2.860000E+01 6.557450E-02 5.296786E-02
2.880000E+01 6.632820E-02 5.283513E-02
2.900000E+01 6.705470E-02 5.267963E-02
2.920000E+01 6.734030E-02 5.218178E-02
2.940000E+01 6.788260E-02 5.188876E-02
2.960000E+01 6.875540E-02 5.184811E-02
2.980000E+01 6.917080E-02 5.146355E-02
3.000000E+01 6.995830E-02 5.135778E-02
3.020000E+01 7.062460E-02 5.116248E-02
3.040000E+01 7.123720E-02 5.092947E-02
3.060000E+01 7.193270E-02 5.075666E-02
3.080000E+01 7.236110E-02 5.039799E-02
3.100000E+01 7.340400E-02 5.046681E-02
3.120000E+01 7.391620E-02 5.016952E-02
3.140000E+01 7.469510E-02 5.005441E-02
3.160000E+01 7.501640E-02 4.963540E-02
3.180000E+01 7.579610E-02 4.952245E-02
3.200000E+01 7.660120E-02 4.942482E-02
3.220000E+01 7.713530E-02 4.915310E-02
3.240000E+01 7.841280E-02 4.935219E-02
3.260000E+01 7.897990E-02 4.910106E-02
3.280000E+01 7.920950E-02 4.864510E-02
3.300000E+01 7.997280E-02 4.852035E-02
3.320000E+01 8.077970E-02 4.842120E-02
3.340000E+01 8.180290E-02 4.844905E-02
3.360000E+01 8.222160E-02 4.811903E-02
3.380000E+01 8.301070E-02 4.800762E-02
3.400000E+01 4.078750E-02 2.331196E-02
