# r N rho/M
0.000000E+00 0.000000E+00 0.000000E+00
2.000000E-01 0.000000E+00 0.000000E+00
4.000000E-01 0.000000E+00 0.000000E+00
6.000000E-01 0.000000E+00 0.000000E+00
8.000000E-01 0.000000E+00 0.000000E+00
1.000000E+00 0.000000E+00 0.000000E+00
1.200000E+00 0.000000E+00 0.000000E+00
1.400000E+00 0.000000E+00 0.000000E+00
1.600000E+00 0.000000E+00 0.000000E+00
1.800000E+00 0.000000E+00 0.000000E+00
2.000000E+00 0.000000E+00 0.000000E+00
2.200000E+00 0.000000E+00 0.000000E+00
2.400000E+00 0.000000E+00 0.000000E+00
2.600000E+00 0.000000E+00 0.000000E+00
2.800000E+00 0.000000E+00 0.000000E+00
3.000000E+00 0.000000E+00 0.000000E+00
3.200000E+00 0.000000E+00 0.000000E+00
3.400000E+00 0.000000E+00 0.000000E+00
3.600000E+00 0.000000E+00 0.000000E+00
3.800000E+00 0.000000E+00 0.000000E+00
4.000000E+00 0.000000E+00 0.000000E+00
4.200000E+00 0.000000E+00 0.000000E+00
4.400000E+00 0.000000E+00 0.000000E+00
4.600000E+00 0.000000E+00 0.000000E+00
4.800000E+00 0.000000E+00 0.000000E+00
5.000000E+00 0.000000E+00 0.000000E+00
5.200000E+00 0.000000E+00 0.000000E+00
5.400000E+00 0.000000E+00 0.000000E+00
5.600000E+00 0.000000E+00 0.000000E+00
5.800000E+00 6.000000E-07 1.178433E-05
6.000000E+00 2.800000E-06 5.138839E-05
6.200000E+00 1.000000E-05 1.718803E-04
6.400000E+00 2.380000E-05 3.839074E-04
6.600000E+00 7.370000E-05 1.117864E-03
6.800000E+00 1.545000E-04 2.207599E-03
7.000000E+00 2.908000E-04 3.921099E-03
7.200000E+00 4.580000E-04 5.837273E-03
7.400000E+00 7.528000E-04 9.082924E-03
7.600000E+00 9.985000E-04 1.142169E-02
7.800000E+00 1.245600E-03 1.352692E-02
8.000000E+00 1.480300E-03 1.528197E-02
8.200000E+00 1.788100E-03 1.757007E-02
8.400000E+00 2.034700E-03 1.905247E-02
8.600000E+00 2.397800E-03 2.142030E-02
8.800000E+00 2.723100E-03 2.323313E-02
9.000000E+00 3.108100E-03 2.535242E-02
9.200000E+00 3.616700E-03 2.823231E-02
9.400000E+00 4.169900E-03 3.118024E-02
9.600000E+00 4.677100E-03 3.353078E-02
9.800000E+00 5.313400E-03 3.655358E-02
1.000000E+01 5.898900E-03 3.897450E-02
1.020000E+01 6.548600E-03 4.158700E-02
1.040000E+01 7.319400E-03 4.471140E-02
1.060000E+01 8.038200E-03 4.726684E-02
1.080000E+01 8.819100E-03 4.995584E-02
1.100000E+01 9.651700E-03 5.270210E-02
1.120000E+01 1.027300E-02 5.410916E-02
1.140000E+01 1.075760E-02 5.469092E-02
1.160000E+01 1.114630E-02 5.472985E-02
1.180000E+01 1.172560E-02 5.563916E-02
1.200000E+01 1.213750E-02 5.568988E-02
1.220000E+01 1.255770E-02 5.574423E-02
1.240000E+01 1.305820E-02 5.611119E-02
1.260000E+01 1.369360E-02 5.698835E-02
1.280000E+01 1.411370E-02 5.691549E-02
1.300000E+01 1.476460E-02 5.772241E-02
1.320000E+01 1.539210E-02 5.836595E-02
1.340000E+01 1.603130E-02 5.898868E-02
1.360000E+01 1.654310E-02 5.909471E-02
1.380000E+01 1.708500E-02 5.927428E-02
1.400000E+01 1.744380E-02 5.880233E-02
1.420000E+01 1.777020E-02 5.822710E-02
1.440000E+01 1.803570E-02 5.746687E-02
1.460000E+01 1.824230E-02 5.654359E-02
1.480000E+01 1.866410E-02 5.629802E-02
1.500000E+01 1.903580E-02 5.589824E-02
1.520000E+01 1.928390E-02 5.514640E-02
1.540000E+01 1.956770E-02 5.451397E-02
1.560000E+01 1.997920E-02 5.424234E-02
1.580000E+01 2.026170E-02 5.362548E-02
1.600000E+01 2.028230E-02 5.234639E-02
1.620000E+01 2.042600E-02 5.142364E-02
1.640000E+01 2.040830E-02 5.013357E-02
1.660000E+01 2.028950E-02 4.864796E-02
1.680000E+01 2.033480E-02 4.760262E-02
1.700000E+01 2.037770E-02 4.658722E-02
1.720000E+01 2.037570E-02 4.550563E-02
1.740000E+01 2.048030E-02 4.469380E-02
1.760000E+01 2.057550E-02 4.388687E-02
1.780000E+01 2.064750E-02 4.305633E-02
1.800000E+01 2.074310E-02 4.229978E-02
1.820000E+01 2.100770E-02 4.190301E-02
1.840000E+01 2.110960E-02 4.119589E-02
1.860000E+01 2.145420E-02 4.097283E-02
1.880000E+01 2.139760E-02 3.999990E-02
1.900000E+01 2.158280E-02 3.950118E-02
1.920000E+01 2.182720E-02 3.912056E-02
1.940000E+01 2.206790E-02 3.874066E-02
1.960000E+01 2.213390E-02 3.806758E-02
1.980000E+01 2.231440E-02 3.760662E-02
2.000000E+01 2.248970E-02 3.714781E-02
2.020000E+01 2.274550E-02 3.683005E-02
2.040000E+01 2.275460E-02 3.612588E-02
2.060000E+01 2.287140E-02 3.560966E-02
2.080000E+01 2.301640E-02 3.514959E-02
2.100000E+01 2.308140E-02 3.458064E-02
2.120000E+01 2.321050E-02 3.412104E-02
2.140000E+01 2.322470E-02 3.350673E-02
2.160000E+01 2.334500E-02 3.305947E-02
2.180000E+01 2.355830E-02 3.275220E-02
2.200000E+01 2.376830E-02 3.244608E-02
2.220000E+01 2.384240E-02 3.196344E-02
2.240000E+01 2.409830E-02 3.173218E-02
2.260000E+01 2.426260E-02 3.138557E-02
2.280000E+01 2.435230E-02 3.095136E-02
2.300000E+01 2.445690E-02 3.054606E-02
2.320000E+01 2.474030E-02 3.036956E-02
2.340000E+01 2.482550E-02 2.995545E-02
2.360000E+01 2.506690E-02 2.973625E-02
2.380000E+01 2.528730E-02 2.949566E-02
2.400000E+01 2.544600E-02 2.918815E-02
2.420000E+01 2.575390E-02 2.905506E-02
2.440000E+01 2.606830E-02 2.892961E-02
2.460000E+01 2.618830E-02 2.859214E-02
2.480000E+01 2.637670E-02 2.833522E-02
2.500000E+01 2.662480E-02 2.814595E-02
2.520000E+01 2.689170E-02 2.797865E-02
2.540000E+01 2.713100E-02 2.778484E-02
2.560000E+01 2.743780E-02 2.766170E-02
2.580000E+01 2.770650E-02 2.750121E-02
2.600000E+01 2.784540E-02 2.721550E-02
2.620000E+01 2.813160E-02 2.707705E-02
2.640000E+01 2.841360E-02 2.693568E-02
2.660000E+01 2.877710E-02 2.687158E-02
2.680000E+01 2.901820E-02 2.669380E-02
2.700000E+01 2.933270E-02 2.658484E-02
2.720000E+01 2.949780E-02 2.634276E-02
2.740000E+01 2.971280E-02 2.614881E-02
2.760000E+01 3.018890E-02 2.618416E-02
2.780000E+01 3.042740E-02 2.601266E-02
2.800000E+01 3.068130E-02 2.585635E-02
2.820000E+01 3.100620E-02 2.576083E-02
2.840000E+01 3.143350E-02 2.574931E-02
2.860000E+01 3.174400E-02 2.564124E-02
2.880000E+01 3.197080E-02 2.546701E-02
2.900000E+01 3.228670E-02 2.536513E-02
2.920000E+01 3.255420E-02 2.522614E-02
2.940000E+01 3.289520E-02 2.514475E-02
2.960000E+01 3.332320E-02 2.512886E-02
2.980000E+01 3.345400E-02 2.489001E-02
3.000000E+01 3.390280E-02 2.488872E-02
3.020000E+01 3.449000E-02 2.498554E-02
3.040000E+01 3.462100E-02 2.475152E-02
3.060000E+01 3.497290E-02 2.467734E-02
3.080000E+01 3.530820E-02 2.459142E-02
3.100000E+01 3.569200E-02 2.453901E-02
3.120000E+01 3.609400E-02 2.449827E-02
3.140000E+01 3.649670E-02 2.445704E-02
3.160000E+01 3.666450E-02 2.425946E-02
3.180000E+01 3.703590E-02 2.419793E-02
3.200000E+01 3.742520E-02 2.414758E-02
3.220000E+01 3.793840E-02 2.417557E-02
3.240000E+01 3.834320E-02 2.413281E-02
3.260000E+01 3.858410E-02 2.398737E-02
3.280000E+01 3.909410E-02 2.400894E-02
3.300000E+01 3.940840E-02 2.390950E-02
3.320000E+01 3.973190E-02 2.381621E-02
3.340000E+01 4.010630E-02 2.375359E-02
3.360000E+01 4.057140E-02 2.374384E-02
3.380000E+01 4.100160E-02 2.371248E-02
3.400000E+01 2.020360E-02 1.154730E-02
