# r N rho/M
0.000000E+00 0.000000E+00 0.000000E+00
2.000000E-01 0.000000E+00 0.000000E+00
4.000000E-01 0.000000E+00 0.000000E+00
6.000000E-01 0.000000E+00 0.000000E+00
8.000000E-01 0.000000E+00 0.000000E+00
1.000000E+00 0.000000E+00 0.000000E+00
1.200000E+00 0.000000E+00 0.000000E+00
1.400000E+00 0.000000E+00 0.000000E+00
1.600000E+00 0.000000E+00 0.000000E+00
1.800000E+00 0.000000E+00 0.000000E+00
2.000000E+00 0.000000E+00 0.000000E+00
2.200000E+00 0.000000E+00 0.000000E+00
2.400000E+00 0.000000E+00 0.000000E+00
2.600000E+00 0.000000E+00 0.000000E+00
2.800000E+00 0.000000E+00 0.000000E+00
3.000000E+00 0.000000E+00 0.000000E+00
3.200000E+00 0.000000E+00 0.000000E+00
3.400000E+00 0.000000E+00 0.000000E+00
3.600000E+00 0.000000E+00 0.000000E+00
3.800000E+00 0.000000E+00 0.000000E+00
4.000000E+00 0.000000E+00 0.000000E+00
4.200000E+00 0.000000E+00 0.000000E+00
4.400000E+00 0.000000E+00 0.000000E+00
4.600000E+00 0.000000E+00 0.000000E+00
4.800000E+00 0.000000E+00 0.000000E+00
5.000000E+00 0.000000E+00 0.000000E+00
5.200000E+00 0.000000E+00 0.000000E+00
5.400000E+00 0.000000E+00 0.000000E+00
5.600000E+00 0.000000E+00 0.000000E+00
5.800000E+00 8.000000E-07 1.571244E-05
6.000000E+00 5.600000E-06 1.027768E-04
6.200000E+00 1.420000E-05 2.440700E-04
6.400000E+00 5.330000E-05 8.597591E-04
6.600000E+00 1.171000E-04 1.776145E-03
6.800000E+00 2.581000E-04 3.687905E-03
7.000000E+00 4.567000E-04 6.158067E-03
7.200000E+00 7.880000E-04 1.004317E-02
7.400000E+00 1.166400E-03 1.407322E-02
7.600000E+00 1.611100E-03 1.842913E-02
7.800000E+00 1.986600E-03 2.157400E-02
8.000000E+00 2.398700E-03 2.476313E-02
8.200000E+00 2.808600E-03 2.759762E-02
8.400000E+00 3.213500E-03 3.009049E-02
8.600000E+00 3.746100E-03 3.346509E-02
8.800000E+00 4.384000E-03 3.740371E-02
9.000000E+00 5.021200E-03 4.095737E-02
9.200000E+00 5.810300E-03 4.535576E-02
9.400000E+00 6.733800E-03 5.035169E-02
9.600000E+00 7.687500E-03 5.511276E-02
9.800000E+00 8.605100E-03 5.919885E-02
1.000000E+01 9.602300E-03 6.344316E-02
1.020000E+01 1.057210E-02 6.713831E-02
1.040000E+01 1.173960E-02 7.171271E-02
1.060000E+01 1.308690E-02 7.695460E-02
1.080000E+01 1.435160E-02 8.129472E-02
1.100000E+01 1.546670E-02 8.445431E-02
1.120000E+01 1.647850E-02 8.679429E-02
1.140000E+01 1.731950E-02 8.805118E-02
1.160000E+01 1.800480E-02 8.840602E-02
1.180000E+01 1.886260E-02 8.950495E-02
1.200000E+01 1.952330E-02 8.957777E-02
1.220000E+01 2.029010E-02 9.006873E-02
1.240000E+01 2.122480E-02 9.120313E-02
1.260000E+01 2.201260E-02 9.160934E-02
1.280000E+01 2.301390E-02 9.280680E-02
1.300000E+01 2.395890E-02 9.366766E-02
1.320000E+01 2.501880E-02 9.486983E-02
1.340000E+01 2.602410E-02 9.575812E-02
1.360000E+01 2.705600E-02 9.664854E-02
1.380000E+01 2.775580E-02 9.629530E-02
1.400000E+01 2.861220E-02 9.645055E-02
1.420000E+01 2.859610E-02 9.370001E-02
1.440000E+01 2.950730E-02 9.401865E-02
1.460000E+01 2.954770E-02 9.158566E-02
1.480000E+01 3.023710E-02 9.120659E-02
1.500000E+01 3.090700E-02 9.075778E-02
1.520000E+01 3.159400E-02 9.034975E-02
1.540000E+01 3.231530E-02 9.002772E-02
1.560000E+01 3.278330E-02 8.900471E-02
1.580000E+01 3.314090E-02 8.771213E-02
1.600000E+01 3.341380E-02 8.623735E-02
1.620000E+01 3.356460E-02 8.450083E-02
1.640000E+01 3.349580E-02 8.228339E-02
1.660000E+01 3.348520E-02 8.028718E-02
1.680000E+01 3.365470E-02 7.878375E-02
1.700000E+01 3.377420E-02 7.721412E-02
1.720000E+01 3.388500E-02 7.567634E-02
1.740000E+01 3.399290E-02 7.418212E-02
1.760000E+01 3.418780E-02 7.292146E-02
1.780000E+01 3.453770E-02 7.202163E-02
1.800000E+01 3.493350E-02 7.123716E-02
1.820000E+01 3.524590E-02 7.030324E-02
1.840000E+01 3.550840E-02 6.929549E-02
1.860000E+01 3.586850E-02 6.850099E-02
1.880000E+01 3.603580E-02 6.736402E-02
1.900000E+01 3.635450E-02 6.653658E-02
1.920000E+01 3.661840E-02 6.563061E-02
1.940000E+01 3.707190E-02 6.508050E-02
1.960000E+01 3.747610E-02 6.445428E-02
1.980000E+01 3.770640E-02 6.354688E-02
2.000000E+01 3.810160E-02 6.293507E-02
2.020000E+01 3.826760E-02 6.196379E-02
2.040000E+01 3.865710E-02 6.137315E-02
2.060000E+01 3.898050E-02 6.069075E-02
2.080000E+01 3.919810E-02 5.986154E-02
2.100000E+01 3.948220E-02 5.915239E-02
2.120000E+01 3.962390E-02 5.824988E-02
2.140000E+01 3.987130E-02 5.752311E-02
2.160000E+01 4.024590E-02 5.699328E-02
2.180000E+01 4.061070E-02 5.645950E-02
2.200000E+01 4.081250E-02 5.571310E-02
2.220000E+01 4.103240E-02 5.500859E-02
2.240000E+01 4.134220E-02 5.443861E-02
2.260000E+01 4.194660E-02 5.426120E-02
2.280000E+01 4.223310E-02 5.367756E-02
2.300000E+01 4.254170E-02 5.313353E-02
2.320000E+01 4.278960E-02 5.252569E-02
2.340000E+01 4.346540E-02 5.244710E-02
2.360000E+01 4.370190E-02 5.184249E-02
2.380000E+01 4.423780E-02 5.159993E-02
2.400000E+01 4.467260E-02 5.124226E-02
2.420000E+01 4.506400E-02 5.084035E-02
2.440000E+01 4.548750E-02 5.048030E-02
2.460000E+01 4.602220E-02 5.024660E-02
2.480000E+01 4.640670E-02 4.985249E-02
2.500000E+01 4.691580E-02 4.959622E-02
2.520000E+01 4.754410E-02 4.946580E-02
2.540000E+01 4.790190E-02 4.905630E-02
2.560000E+01 4.834120E-02 4.873568E-02
2.580000E+01 4.888970E-02 4.852745E-02
2.600000E+01 4.937400E-02 4.825709E-02
2.620000E+01 5.008940E-02 4.821173E-02
2.640000E+01 5.062220E-02 4.798911E-02
2.660000E+01 5.115480E-02 4.776751E-02
2.680000E+01 5.164340E-02 4.750669E-02
2.700000E+01 1.644680E-02 1.490608E-02
