# r N rho/M
0.000000E+00 0.000000E+00 0.000000E+00
2.000000E-01 0.000000E+00 0.000000E+00
4.000000E-01 0.000000E+00 0.000000E+00
6.000000E-01 0.000000E+00 0.000000E+00
8.000000E-01 0.000000E+00 0.000000E+00
1.000000E+00 0.000000E+00 0.000000E+00
1.200000E+00 0.000000E+00 0.000000E+00
1.400000E+00 0.000000E+00 0.000000E+00
1.600000E+00 0.000000E+00 0.000000E+00
1.800000E+00 0.000000E+00 0.000000E+00
2.000000E+00 0.000000E+00 0.000000E+00
2.200000E+00 0.000000E+00 0.000000E+00
2.400000E+00 0.000000E+00 0.000000E+00
2.600000E+00 0.000000E+00 0.000000E+00
2.800000E+00 0.000000E+00 0.000000E+00
3.000000E+00 0.000000E+00 0.000000E+00
3.200000E+00 0.000000E+00 0.000000E+00
3.400000E+00 0.000000E+00 0.000000E+00
3.600000E+00 0.000000E+00 0.000000E+00
3.800000E+00 0.000000E+00 0.000000E+00
4.000000E+00 0.000000E+00 0.000000E+00
4.200000E+00 0.000000E+00 0.000000E+00
4.400000E+00 0.000000E+00 0.000000E+00
4.600000E+00 0.000000E+00 0.000000E+00
4.800000E+00 0.000000E+00 0.000000E+00
5.000000E+00 0.000000E+00 0.000000E+00
5.200000E+00 0.000000E+00 0.000000E+00
5.400000E+00 0.000000E+00 0.000000E+00
5.600000E+00 1.000000E-07 2.106849E-06
5.800000E+00 4.100000E-06 8.052623E-05
6.000000E+00 1.880000E-05 3.450364E-04
6.200000E+00 5.510000E-05 9.470605E-04
6.400000E+00 1.741000E-04 2.808331E-03
6.600000E+00 3.944000E-04 5.982167E-03
6.800000E+00 8.571000E-04 1.224682E-02
7.000000E+00 1.647200E-03 2.221057E-02
7.200000E+00 2.874800E-03 3.663972E-02
7.400000E+00 4.092900E-03 4.938297E-02
7.600000E+00 5.583300E-03 6.386653E-02
7.800000E+00 6.939600E-03 7.536240E-02
8.000000E+00 8.465300E-03 8.739204E-02
8.200000E+00 9.893800E-03 9.721761E-02
8.400000E+00 1.159060E-02 1.085318E-01
8.600000E+00 1.306030E-02 1.166718E-01
8.800000E+00 1.507510E-02 1.286188E-01
9.000000E+00 1.723900E-02 1.406166E-01
9.200000E+00 1.995790E-02 1.557933E-01
9.400000E+00 2.285770E-02 1.709174E-01
9.600000E+00 2.597360E-02 1.862084E-01
9.800000E+00 2.913150E-02 2.004104E-01
1.000000E+01 3.293200E-02 2.175843E-01
1.020000E+01 3.621740E-02 2.299993E-01
1.040000E+01 4.018720E-02 2.454882E-01
1.060000E+01 4.430360E-02 2.605174E-01
1.080000E+01 4.793880E-02 2.715496E-01
1.100000E+01 5.123490E-02 2.797628E-01
1.120000E+01 5.387310E-02 2.837562E-01
1.140000E+01 5.576270E-02 2.834938E-01
1.160000E+01 5.789430E-02 2.842689E-01
1.180000E+01 5.917550E-02 2.807937E-01
1.200000E+01 6.072580E-02 2.786251E-01
1.220000E+01 6.183410E-02 2.744845E-01
1.240000E+01 6.318920E-02 2.715245E-01
1.260000E+01 6.464130E-02 2.690162E-01
1.280000E+01 6.610100E-02 2.665616E-01
1.300000E+01 6.732480E-02 2.632073E-01
1.320000E+01 6.905410E-02 2.618491E-01
1.340000E+01 7.061900E-02 2.598493E-01
1.360000E+01 7.175160E-02 2.563087E-01
1.380000E+01 7.290020E-02 2.529182E-01
1.400000E+01 7.360180E-02 2.481086E-01
1.420000E+01 7.436010E-02 2.436536E-01
1.440000E+01 7.445420E-02 2.372322E-01
1.460000E+01 7.525050E-02 2.332455E-01
1.480000E+01 7.603890E-02 2.293622E-01
1.500000E+01 7.679610E-02 2.255102E-01
1.520000E+01 7.791910E-02 2.228262E-01
1.540000E+01 7.837080E-02 2.183345E-01
1.560000E+01 7.891750E-02 2.142563E-01
1.580000E+01 7.924100E-02 2.097226E-01
1.600000E+01 7.894300E-02 2.037432E-01
1.620000E+01 7.897860E-02 1.988332E-01
1.640000E+01 7.828910E-02 1.923194E-01
1.660000E+01 7.843480E-02 1.880625E-01
1.680000E+01 7.766430E-02 1.818077E-01
1.700000E+01 7.777700E-02 1.778127E-01
1.720000E+01 7.810110E-02 1.744254E-01
1.740000E+01 7.762800E-02 1.694062E-01
1.760000E+01 7.811700E-02 1.666210E-01
1.780000E+01 7.792330E-02 1.624938E-01
1.800000E+01 7.830310E-02 1.596774E-01
1.820000E+01 7.900260E-02 1.575825E-01
1.840000E+01 7.911080E-02 1.543866E-01
1.860000E+01 7.955400E-02 1.519307E-01
1.880000E+01 7.993690E-02 1.494311E-01
1.900000E+01 8.049690E-02 1.473267E-01
1.920000E+01 8.091150E-02 1.450165E-01
1.940000E+01 8.096090E-02 1.421286E-01
1.960000E+01 8.164320E-02 1.404163E-01
1.980000E+01 8.226650E-02 1.386443E-01
2.000000E+01 8.257870E-02 1.364010E-01
2.020000E+01 8.308240E-02 1.345290E-01
2.040000E+01 8.379990E-02 1.330432E-01
2.060000E+01 8.437160E-02 1.313625E-01
2.080000E+01 8.471510E-02 1.293730E-01
2.100000E+01 8.492110E-02 1.272291E-01
2.120000E+01 8.537850E-02 1.255123E-01
2.140000E+01 8.572110E-02 1.236715E-01
2.160000E+01 8.658460E-02 1.226147E-01
2.180000E+01 8.713800E-02 1.211446E-01
2.200000E+01 8.765010E-02 1.196511E-01
2.220000E+01 8.802480E-02 1.180072E-01
2.240000E+01 8.850360E-02 1.165398E-01
2.260000E+01 8.945900E-02 1.157222E-01
2.280000E+01 9.007880E-02 1.144886E-01
2.300000E+01 9.073860E-02 1.133303E-01
2.320000E+01 9.160880E-02 1.124529E-01
2.340000E+01 9.226940E-02 1.113360E-01
2.360000E+01 9.298510E-02 1.103059E-01
2.380000E+01 9.360710E-02 1.091854E-01
2.400000E+01 9.479080E-02 1.087310E-01
2.420000E+01 9.564670E-02 1.079068E-01
2.440000E+01 9.647470E-02 1.070640E-01
2.460000E+01 9.714340E-02 1.060602E-01
2.480000E+01 9.802090E-02 1.052991E-01
2.500000E+01 9.933030E-02 1.050053E-01
2.520000E+01 9.979080E-02 1.038243E-01
2.540000E+01 1.010377E-01 1.034726E-01
2.560000E+01 1.019717E-01 1.028038E-01
2.580000E+01 1.033403E-01 1.025746E-01
2.600000E+01 1.043757E-01 1.020146E-01
2.620000E+01 1.053828E-01 1.014324E-01
2.640000E+01 1.064936E-01 1.009544E-01
2.660000E+01 1.074935E-01 1.003757E-01
2.680000E+01 1.086244E-01 9.992343E-02
2.700000E+01 3.432690E-02 3.111119E-02
