# r N rho/M
0.000000E+00 0.000000E+00 0.000000E+00
2.000000E-01 0.000000E+00 0.000000E+00
4.000000E-01 0.000000E+00 0.000000E+00
6.000000E-01 0.000000E+00 0.000000E+00
8.000000E-01 0.000000E+00 0.000000E+00
1.000000E+00 0.000000E+00 0.000000E+00
1.200000E+00 0.000000E+00 0.000000E+00
1.400000E+00 0.000000E+00 0.000000E+00
1.600000E+00 0.000000E+00 0.000000E+00
1.800000E+00 0.000000E+00 0.000000E+00
2.000000E+00 0.000000E+00 0.000000E+00
2.200000E+00 0.000000E+00 0.000000E+00
2.400000E+00 0.000000E+00 0.000000E+00
2.600000E+00 0.000000E+00 0.000000E+00
2.800000E+00 0.000000E+00 0.000000E+00
3.000000E+00 0.000000E+00 0.000000E+00
3.200000E+00 0.000000E+00 0.000000E+00
3.400000E+00 0.000000E+00 0.000000E+00
3.600000E+00 0.000000E+00 0.000000E+00
3.800000E+00 0.000000E+00 0.000000E+00
4.000000E+00 0.000000E+00 0.000000E+00
4.200000E+00 0.000000E+00 0.000000E+00
4.400000E+00 0.000000E+00 0.000000E+00
4.600000E+00 0.000000E+00 0.000000E+00
4.800000E+00 0.000000E+00 0.000000E+00
5.000000E+00 0.000000E+00 0.000000E+00
5.200000E+00 0.000000E+00 0.000000E+00
5.400000E+00 0.000000E+00 0.000000E+00
5.600000E+00 0.000000E+00 0.000000E+00
5.800000E+00 3.000000E-07 5.892163E-06
6.000000E+00 2.100000E-06 3.854130E-05
6.200000E+00 9.600000E-06 1.650051E-04
6.400000E+00 1.920000E-05 3.097068E-04
6.600000E+00 5.300000E-05 8.038916E-04
6.800000E+00 1.162000E-04 1.660343E-03
7.000000E+00 2.305000E-04 3.108024E-03
7.200000E+00 3.662000E-04 4.667269E-03
7.400000E+00 5.588000E-04 6.742213E-03
7.600000E+00 7.789000E-04 8.909719E-03
7.800000E+00 9.794000E-04 1.063605E-02
8.000000E+00 1.177900E-03 1.216012E-02
8.200000E+00 1.372400E-03 1.348536E-02
8.400000E+00 1.576800E-03 1.476480E-02
8.600000E+00 1.822400E-03 1.628007E-02
8.800000E+00 2.097000E-03 1.789133E-02
9.000000E+00 2.451200E-03 1.999416E-02
9.200000E+00 2.844400E-03 2.220366E-02
9.400000E+00 3.226600E-03 2.412676E-02
9.600000E+00 3.711000E-03 2.660468E-02
9.800000E+00 4.140700E-03 2.848598E-02
1.000000E+01 4.611400E-03 3.046788E-02
1.020000E+01 5.040000E-03 3.200661E-02
1.040000E+01 5.662300E-03 3.458882E-02
1.060000E+01 6.257800E-03 3.679760E-02
1.080000E+01 6.953900E-03 3.939040E-02
1.100000E+01 7.399400E-03 4.040365E-02
1.120000E+01 7.846700E-03 4.132953E-02
1.140000E+01 8.335400E-03 4.237661E-02
1.160000E+01 8.651000E-03 4.247759E-02
1.180000E+01 9.087500E-03 4.312111E-02
1.200000E+01 9.372700E-03 4.300429E-02
1.220000E+01 9.768100E-03 4.336107E-02
1.240000E+01 1.020610E-02 4.385569E-02
1.260000E+01 1.075360E-02 4.475301E-02
1.280000E+01 1.098030E-02 4.427961E-02
1.300000E+01 1.154400E-02 4.513143E-02
1.320000E+01 1.194430E-02 4.529209E-02
1.340000E+01 1.247110E-02 4.588859E-02
1.360000E+01 1.291460E-02 4.613310E-02
1.380000E+01 1.336490E-02 4.636786E-02
1.400000E+01 1.346140E-02 4.537782E-02
1.420000E+01 1.389000E-02 4.551296E-02
1.440000E+01 1.382460E-02 4.404911E-02
1.460000E+01 1.425620E-02 4.418833E-02
1.480000E+01 1.438840E-02 4.340088E-02
1.500000E+01 1.471990E-02 4.322469E-02
1.520000E+01 1.507040E-02 4.309701E-02
1.540000E+01 1.523180E-02 4.243452E-02
1.560000E+01 1.548710E-02 4.204655E-02
1.580000E+01 1.562730E-02 4.135988E-02
1.600000E+01 1.577240E-02 4.070683E-02
1.620000E+01 1.579340E-02 3.976080E-02
1.640000E+01 1.562890E-02 3.839284E-02
1.660000E+01 1.569980E-02 3.764328E-02
1.680000E+01 1.575910E-02 3.689116E-02
1.700000E+01 1.566150E-02 3.580511E-02
1.720000E+01 1.573110E-02 3.513271E-02
1.740000E+01 1.573100E-02 3.432949E-02
1.760000E+01 1.587430E-02 3.385936E-02
1.780000E+01 1.595230E-02 3.326540E-02
1.800000E+01 1.607470E-02 3.277988E-02
1.820000E+01 1.616540E-02 3.224432E-02
1.840000E+01 1.635920E-02 3.192537E-02
1.860000E+01 1.632270E-02 3.117279E-02
1.880000E+01 1.646450E-02 3.077814E-02
1.900000E+01 1.668320E-02 3.053386E-02
1.920000E+01 1.679540E-02 3.010214E-02
1.940000E+01 1.684890E-02 2.957860E-02
1.960000E+01 1.700700E-02 2.924995E-02
1.980000E+01 1.701130E-02 2.866927E-02
2.000000E+01 1.723540E-02 2.846891E-02
2.020000E+01 1.730800E-02 2.802552E-02
2.040000E+01 1.748500E-02 2.775970E-02
2.060000E+01 1.750880E-02 2.726035E-02
2.080000E+01 1.757090E-02 2.683347E-02
2.100000E+01 1.766410E-02 2.646442E-02
2.120000E+01 1.776000E-02 2.610843E-02
2.140000E+01 1.769490E-02 2.552878E-02
2.160000E+01 1.791640E-02 2.537189E-02
2.180000E+01 1.790330E-02 2.489027E-02
2.200000E+01 1.800570E-02 2.457956E-02
2.220000E+01 1.813220E-02 2.430827E-02
2.240000E+01 1.822730E-02 2.400136E-02
2.260000E+01 1.843590E-02 2.384828E-02
2.280000E+01 1.844880E-02 2.344812E-02
2.300000E+01 1.847090E-02 2.306970E-02
2.320000E+01 1.878220E-02 2.305579E-02
2.340000E+01 1.885870E-02 2.275567E-02
2.360000E+01 1.897840E-02 2.251361E-02
2.380000E+01 1.925370E-02 2.245793E-02
2.400000E+01 1.929730E-02 2.213521E-02
2.420000E+01 1.943720E-02 2.192868E-02
2.440000E+01 1.955370E-02 2.169995E-02
2.460000E+01 1.980470E-02 2.162258E-02
2.480000E+01 1.994650E-02 2.142757E-02
2.500000E+01 2.021700E-02 2.137205E-02
2.520000E+01 2.036280E-02 2.118585E-02
2.540000E+01 2.058640E-02 2.108252E-02
2.560000E+01 2.073470E-02 2.090390E-02
2.580000E+01 2.087300E-02 2.071834E-02
2.600000E+01 2.103580E-02 2.055994E-02
2.620000E+01 2.122520E-02 2.042955E-02
2.640000E+01 2.148340E-02 2.036595E-02
2.660000E+01 2.171260E-02 2.027487E-02
2.680000E+01 2.182240E-02 2.007439E-02
2.700000E+01 2.194260E-02 1.988704E-02
2.720000E+01 2.223370E-02 1.985562E-02
2.740000E+01 2.249520E-02 1.979695E-02
2.760000E+01 2.265130E-02 1.964647E-02
2.780000E+01 2.277770E-02 1.947286E-02
2.800000E+01 2.309020E-02 1.945903E-02
2.820000E+01 2.327280E-02 1.933570E-02
2.840000E+01 2.356540E-02 1.930401E-02
2.860000E+01 2.365530E-02 1.910759E-02
2.880000E+01 2.394340E-02 1.907262E-02
2.900000E+01 2.415370E-02 1.897567E-02
2.920000E+01 2.440950E-02 1.891484E-02
2.940000E+01 2.449060E-02 1.872036E-02
2.960000E+01 2.486880E-02 1.875344E-02
2.980000E+01 2.516250E-02 1.872107E-02
3.000000E+01 2.529570E-02 1.857008E-02
3.020000E+01 2.570660E-02 1.862260E-02
3.040000E+01 2.570520E-02 1.837737E-02
3.060000E+01 2.607700E-02 1.840027E-02
3.080000E+01 2.624190E-02 1.827693E-02
3.100000E+01 2.656620E-02 1.826483E-02
3.120000E+01 2.698050E-02 1.831261E-02
3.140000E+01 2.698930E-02 1.808597E-02
3.160000E+01 2.740340E-02 1.813175E-02
3.180000E+01 2.758340E-02 1.802200E-02
3.200000E+01 2.777070E-02 1.791828E-02
3.220000E+01 2.811210E-02 1.791394E-02
3.240000E+01 2.829670E-02 1.780965E-02
3.260000E+01 2.871530E-02 1.785203E-02
3.280000E+01 2.888070E-02 1.773657E-02
3.300000E+01 2.912410E-02 1.766990E-02
3.320000E+01 2.943910E-02 1.764647E-02
3.340000E+01 2.971910E-02 1.760160E-02
3.360000E+01 3.003230E-02 1.757598E-02
3.380000E+01 3.030730E-02 1.752764E-02
3.400000E+01 3.064380E-02 1.751436E-02
3.420000E+01 3.089260E-02 1.745066E-02
3.440000E+01 3.105240E-02 1.733755E-02
3.460000E+01 3.149540E-02 1.738219E-02
3.480000E+01 3.183460E-02 1.736802E-02
3.500000E+01 3.195260E-02 1.723374E-02
3.520000E+01 3.224170E-02 1.719262E-02
3.540000E+01 3.261660E-02 1.719656E-02
3.560000E+01 3.290390E-02 1.715366E-02
3.580000E+01 3.335380E-02 1.719447E-02
3.600000E+01 3.352100E-02 1.708919E-02
3.620000E+01 3.378170E-02 1.703232E-02
3.640000E+01 3.407660E-02 1.699272E-02
3.660000E+01 3.443630E-02 1.698493E-02
3.680000E+01 3.492080E-02 1.703719E-02
3.700000E+01 3.525670E-02 1.701562E-02
3.720000E+01 3.538330E-02 1.689359E-02
3.740000E+01 3.561570E-02 1.682317E-02
3.760000E+01 3.613270E-02 1.688629E-02
3.780000E+01 3.641030E-02 1.683644E-02
3.800000E+01 3.648610E-02 1.669436E-02
3.820000E+01 3.715480E-02 1.682278E-02
3.840000E+01 4.511000E-04 2.021249E-04
