# r N rho/M
0.000000E+00 0.000000E+00 0.000000E+00
2.000000E-01 0.000000E+00 0.000000E+00
4.000000E-01 0.000000E+00 0.000000E+00
6.000000E-01 0.000000E+00 0.000000E+00
8.000000E-01 0.000000E+00 0.000000E+00
1.000000E+00 0.000000E+00 0.000000E+00
1.200000E+00 0.000000E+00 0.000000E+00
1.400000E+00 0.000000E+00 0.000000E+00
1.600000E+00 0.000000E+00 0.000000E+00
1.800000E+00 0.000000E+00 0.000000E+00
2.000000E+00 0.000000E+00 0.000000E+00
2.200000E+00 0.000000E+00 0.000000E+00
2.400000E+00 0.000000E+00 0.000000E+00
2.600000E+00 0.000000E+00 0.000000E+00
2.800000E+00 0.000000E+00 0.000000E+00
3.000000E+00 0.000000E+00 0.000000E+00
3.200000E+00 0.000000E+00 0.000000E+00
3.400000E+00 0.000000E+00 0.000000E+00
3.600000E+00 0.000000E+00 0.000000E+00
3.800000E+00 0.000000E+00 0.000000E+00
4.000000E+00 0.000000E+00 0.000000E+00
4.200000E+00 0.000000E+00 0.000000E+00
4.400000E+00 0.000000E+00 0.000000E+00
4.600000E+00 0.000000E+00 0.000000E+00
4.800000E+00 0.000000E+00 0.000000E+00
5.000000E+00 0.000000E+00 0.000000E+00
5.200000E+00 0.000000E+00 0.000000E+00
5.400000E+00 0.000000E+00 0.000000E+00
5.600000E+00 4.000000E-07 8.427397E-06
5.800000E+00 5.000000E-07 9.820272E-06
6.000000E+00 5.700000E-06 1.046121E-04
6.200000E+00 1.730000E-05 2.973529E-04
6.400000E+00 5.310000E-05 8.565330E-04
6.600000E+00 1.352000E-04 2.050682E-03
6.800000E+00 2.961000E-04 4.230874E-03
7.000000E+00 5.401000E-04 7.282619E-03
7.200000E+00 9.498000E-04 1.210533E-02
7.400000E+00 1.355900E-03 1.635964E-02
7.600000E+00 1.909100E-03 2.183791E-02
7.800000E+00 2.358700E-03 2.561492E-02
8.000000E+00 2.695400E-03 2.782613E-02
8.200000E+00 3.233000E-03 3.176783E-02
8.400000E+00 3.850000E-03 3.605053E-02
8.600000E+00 4.446200E-03 3.971930E-02
8.800000E+00 5.044900E-03 4.304242E-02
9.000000E+00 5.794400E-03 4.726427E-02
9.200000E+00 6.724200E-03 5.248975E-02
9.400000E+00 7.817400E-03 5.845426E-02
9.600000E+00 8.859500E-03 6.351499E-02
9.800000E+00 9.937300E-03 6.836373E-02
1.000000E+01 1.111430E-02 7.343306E-02
1.020000E+01 1.243450E-02 7.896552E-02
1.040000E+01 1.383890E-02 8.453653E-02
1.060000E+01 1.528760E-02 8.989532E-02
1.080000E+01 1.682950E-02 9.533079E-02
1.100000E+01 1.817400E-02 9.923724E-02
1.120000E+01 1.942690E-02 1.023239E-01
1.140000E+01 2.040340E-02 1.037295E-01
1.160000E+01 2.130940E-02 1.046321E-01
1.180000E+01 2.216460E-02 1.051733E-01
1.200000E+01 2.302590E-02 1.056486E-01
1.220000E+01 2.393710E-02 1.062579E-01
1.240000E+01 2.478660E-02 1.065082E-01
1.260000E+01 2.582570E-02 1.074782E-01
1.280000E+01 2.700720E-02 1.089103E-01
1.300000E+01 2.805200E-02 1.096697E-01
1.320000E+01 2.921530E-02 1.107827E-01
1.340000E+01 3.070780E-02 1.129922E-01
1.360000E+01 3.168670E-02 1.131902E-01
1.380000E+01 3.265830E-02 1.133039E-01
1.400000E+01 3.333980E-02 1.123871E-01
1.420000E+01 3.403990E-02 1.115375E-01
1.440000E+01 3.462400E-02 1.103219E-01
1.460000E+01 3.497770E-02 1.084164E-01
1.480000E+01 3.580900E-02 1.080136E-01
1.500000E+01 3.646570E-02 1.070808E-01
1.520000E+01 3.724550E-02 1.065114E-01
1.540000E+01 3.790470E-02 1.055993E-01
1.560000E+01 3.857230E-02 1.047215E-01
1.580000E+01 3.922950E-02 1.038265E-01
1.600000E+01 3.907220E-02 1.008411E-01
1.620000E+01 3.932040E-02 9.899139E-02
1.640000E+01 3.967910E-02 9.747284E-02
1.660000E+01 3.975290E-02 9.531520E-02
1.680000E+01 3.963220E-02 9.277674E-02
1.700000E+01 3.984180E-02 9.108579E-02
1.720000E+01 4.016900E-02 8.971057E-02
1.740000E+01 4.026970E-02 8.787987E-02
1.760000E+01 4.067980E-02 8.676868E-02
1.780000E+01 4.086770E-02 8.522160E-02
1.800000E+01 4.131970E-02 8.426004E-02
1.820000E+01 4.167470E-02 8.312645E-02
1.840000E+01 4.220780E-02 8.236953E-02
1.860000E+01 4.260570E-02 8.136757E-02
1.880000E+01 4.304150E-02 8.046022E-02
1.900000E+01 4.348630E-02 7.958931E-02
1.920000E+01 4.387650E-02 7.863919E-02
1.940000E+01 4.416070E-02 7.752504E-02
1.960000E+01 4.466650E-02 7.682088E-02
1.980000E+01 4.509280E-02 7.599523E-02
2.000000E+01 4.555880E-02 7.525265E-02
2.020000E+01 4.595020E-02 7.440364E-02
2.040000E+01 4.635730E-02 7.359822E-02
2.060000E+01 4.654820E-02 7.247329E-02
2.080000E+01 4.700220E-02 7.177960E-02
2.100000E+01 4.714260E-02 7.062923E-02
2.120000E+01 4.745760E-02 6.976596E-02
2.140000E+01 4.809810E-02 6.939208E-02
2.160000E+01 4.836640E-02 6.849293E-02
2.180000E+01 4.860870E-02 6.757881E-02
2.200000E+01 4.904110E-02 6.694596E-02
2.220000E+01 4.960610E-02 6.650260E-02
2.240000E+01 4.994020E-02 6.576029E-02
2.260000E+01 5.039390E-02 6.518844E-02
2.280000E+01 5.078810E-02 6.455082E-02
2.300000E+01 5.124440E-02 6.400299E-02
2.320000E+01 5.177740E-02 6.355852E-02
2.340000E+01 5.228750E-02 6.309220E-02
2.360000E+01 5.278040E-02 6.261209E-02
2.380000E+01 5.360050E-02 6.252079E-02
2.400000E+01 5.380340E-02 6.171585E-02
2.420000E+01 5.461990E-02 6.162113E-02
2.440000E+01 5.480280E-02 6.081807E-02
2.460000E+01 5.575190E-02 6.086939E-02
2.480000E+01 5.606160E-02 6.022428E-02
2.500000E+01 3.487570E-02 3.686824E-02
