# r N rho/M
0.000000E+00 0.000000E+00 0.000000E+00
2.000000E-01 0.000000E+00 0.000000E+00
4.000000E-01 0.000000E+00 0.000000E+00
6.000000E-01 0.000000E+00 0.000000E+00
8.000000E-01 0.000000E+00 0.000000E+00
1.000000E+00 0.000000E+00 0.000000E+00
1.200000E+00 0.000000E+00 0.000000E+00
1.400000E+00 0.000000E+00 0.000000E+00
1.600000E+00 0.000000E+00 0.000000E+00
1.800000E+00 0.000000E+00 0.000000E+00
2.000000E+00 0.000000E+00 0.000000E+00
2.200000E+00 0.000000E+00 0.000000E+00
2.400000E+00 0.000000E+00 0.000000E+00
2.600000E+00 0.000000E+00 0.000000E+00
2.800000E+00 0.000000E+00 0.000000E+00
3.000000E+00 0.000000E+00 0.000000E+00
3.200000E+00 0.000000E+00 0.000000E+00
3.400000E+00 0.000000E+00 0.000000E+00
3.600000E+00 0.000000E+00 0.000000E+00
3.800000E+00 0.000000E+00 0.000000E+00
4.000000E+00 0.000000E+00 0.000000E+00
4.200000E+00 0.000000E+00 0.000000E+00
4.400000E+00 0.000000E+00 0.000000E+00
4.600000E+00 0.000000E+00 0.000000E+00
4.800000E+00 0.000000E+00 0.000000E+00
5.000000E+00 0.000000E+00 0.000000E+00
5.200000E+00 0.000000E+00 0.000000E+00
5.400000E+00 1.000000E-07 2.265802E-06
5.600000E+00 0.000000E+00 0.000000E+00
5.800000E+00 2.000000E-07 3.928109E-06
6.000000E+00 5.000000E-07 9.176499E-06
6.200000E+00 5.800000E-06 9.969058E-05
6.400000E+00 1.780000E-05 2.871240E-04
6.600000E+00 4.010000E-05 6.082274E-04
6.800000E+00 8.000000E-05 1.143093E-03
7.000000E+00 1.483000E-04 1.999653E-03
7.200000E+00 2.461000E-04 3.136578E-03
7.400000E+00 4.068000E-04 4.908254E-03
7.600000E+00 5.105000E-04 5.839532E-03
7.800000E+00 6.624000E-04 7.193506E-03
8.000000E+00 8.165000E-04 8.429188E-03
8.200000E+00 9.133000E-04 8.974190E-03
8.400000E+00 1.078300E-03 1.009696E-02
8.600000E+00 1.259400E-03 1.125062E-02
8.800000E+00 1.388100E-03 1.184309E-02
9.000000E+00 1.665000E-03 1.358122E-02
9.200000E+00 1.878600E-03 1.466453E-02
9.400000E+00 2.171600E-03 1.623804E-02
9.600000E+00 2.505800E-03 1.796443E-02
9.800000E+00 2.722100E-03 1.872671E-02
1.000000E+01 3.094200E-03 2.044362E-02
1.020000E+01 3.414900E-03 2.168638E-02
1.040000E+01 3.797900E-03 2.319991E-02
1.060000E+01 4.194500E-03 2.466482E-02
1.080000E+01 4.567700E-03 2.587376E-02
1.100000E+01 4.937400E-03 2.696016E-02
1.120000E+01 5.285900E-03 2.784149E-02
1.140000E+01 5.568100E-03 2.830785E-02
1.160000E+01 5.794000E-03 2.844933E-02
1.180000E+01 6.005500E-03 2.849671E-02
1.200000E+01 6.188900E-03 2.839622E-02
1.220000E+01 6.482500E-03 2.877613E-02
1.240000E+01 6.784800E-03 2.915434E-02
1.260000E+01 7.058000E-03 2.937312E-02
1.280000E+01 7.326000E-03 2.954313E-02
1.300000E+01 7.730500E-03 3.022250E-02
1.320000E+01 8.070700E-03 3.060362E-02
1.340000E+01 8.408100E-03 3.093840E-02
1.360000E+01 8.722200E-03 3.115715E-02
1.380000E+01 8.799400E-03 3.052842E-02
1.400000E+01 9.079800E-03 3.060763E-02
1.420000E+01 9.246900E-03 3.029905E-02
1.440000E+01 9.396700E-03 2.994056E-02
1.460000E+01 9.535600E-03 2.955642E-02
1.480000E+01 9.626100E-03 2.903598E-02
1.500000E+01 9.825600E-03 2.885267E-02
1.520000E+01 9.980200E-03 2.854050E-02
1.540000E+01 1.019450E-02 2.840102E-02
1.560000E+01 1.030440E-02 2.797583E-02
1.580000E+01 1.047240E-02 2.771670E-02
1.600000E+01 1.040420E-02 2.685210E-02
1.620000E+01 1.044770E-02 2.630269E-02
1.640000E+01 1.047150E-02 2.572354E-02
1.660000E+01 1.050590E-02 2.518991E-02
1.680000E+01 1.045740E-02 2.448018E-02
1.700000E+01 1.046660E-02 2.392860E-02
1.720000E+01 1.044700E-02 2.333158E-02
1.740000E+01 1.045020E-02 2.280529E-02
1.760000E+01 1.060250E-02 2.261478E-02
1.780000E+01 1.056970E-02 2.204104E-02
1.800000E+01 1.063930E-02 2.169589E-02
1.820000E+01 1.074700E-02 2.143651E-02
1.840000E+01 1.078340E-02 2.104406E-02
1.860000E+01 1.090440E-02 2.082502E-02
1.880000E+01 1.094720E-02 2.046430E-02
1.900000E+01 1.092950E-02 2.000334E-02
1.920000E+01 1.108700E-02 1.987106E-02
1.940000E+01 1.113380E-02 1.954562E-02
1.960000E+01 1.115450E-02 1.918437E-02
1.980000E+01 1.121820E-02 1.890612E-02
2.000000E+01 1.129130E-02 1.865063E-02
2.020000E+01 1.148470E-02 1.859629E-02
2.040000E+01 1.142420E-02 1.813740E-02
2.060000E+01 1.146380E-02 1.784858E-02
2.080000E+01 1.150140E-02 1.756441E-02
2.100000E+01 1.150780E-02 1.724103E-02
2.120000E+01 1.156250E-02 1.699768E-02
2.140000E+01 1.158690E-02 1.671665E-02
2.160000E+01 1.165000E-02 1.649787E-02
2.180000E+01 1.161940E-02 1.615401E-02
2.200000E+01 1.178390E-02 1.608619E-02
2.220000E+01 1.186330E-02 1.590410E-02
2.240000E+01 1.190350E-02 1.567430E-02
2.260000E+01 1.197790E-02 1.549435E-02
2.280000E+01 1.202590E-02 1.528472E-02
2.300000E+01 1.212350E-02 1.514195E-02
2.320000E+01 1.215420E-02 1.491969E-02
2.340000E+01 1.226440E-02 1.479872E-02
2.360000E+01 1.236780E-02 1.467162E-02
2.380000E+01 1.240760E-02 1.447249E-02
2.400000E+01 1.251900E-02 1.436007E-02
2.420000E+01 1.264320E-02 1.426382E-02
2.440000E+01 1.272750E-02 1.412450E-02
2.460000E+01 1.278280E-02 1.395614E-02
2.480000E+01 1.295470E-02 1.391661E-02
2.500000E+01 1.298810E-02 1.373014E-02
2.520000E+01 1.306920E-02 1.359745E-02
2.540000E+01 1.317530E-02 1.349282E-02
2.560000E+01 1.331320E-02 1.342184E-02
2.580000E+01 1.348250E-02 1.338260E-02
2.600000E+01 1.356530E-02 1.325843E-02
2.620000E+01 1.360780E-02 1.309769E-02
2.640000E+01 1.371950E-02 1.300589E-02
2.660000E+01 1.385960E-02 1.294187E-02
2.680000E+01 1.400870E-02 1.288658E-02
2.700000E+01 1.409080E-02 1.277079E-02
2.720000E+01 1.422640E-02 1.270477E-02
2.740000E+01 1.434470E-02 1.262408E-02
2.760000E+01 1.443170E-02 1.251725E-02
2.780000E+01 1.460620E-02 1.248697E-02
2.800000E+01 1.468560E-02 1.237614E-02
2.820000E+01 1.485140E-02 1.233896E-02
2.840000E+01 1.496430E-02 1.225827E-02
2.860000E+01 1.510790E-02 1.220342E-02
2.880000E+01 1.521690E-02 1.212134E-02
2.900000E+01 1.534400E-02 1.205458E-02
2.920000E+01 1.555490E-02 1.205344E-02
2.940000E+01 1.571140E-02 1.200963E-02
2.960000E+01 1.586390E-02 1.196289E-02
2.980000E+01 1.597760E-02 1.188745E-02
3.000000E+01 1.602270E-02 1.176258E-02
3.020000E+01 1.624590E-02 1.176900E-02
3.040000E+01 1.643140E-02 1.174727E-02
3.060000E+01 1.651360E-02 1.165221E-02
3.080000E+01 1.667750E-02 1.161553E-02
3.100000E+01 1.683970E-02 1.157765E-02
3.120000E+01 1.694280E-02 1.149967E-02
3.140000E+01 1.708480E-02 1.144880E-02
3.160000E+01 1.725330E-02 1.141583E-02
3.180000E+01 1.745580E-02 1.140499E-02
3.200000E+01 1.751840E-02 1.130327E-02
3.220000E+01 1.772830E-02 1.129704E-02
3.240000E+01 1.782880E-02 1.122126E-02
3.260000E+01 1.805990E-02 1.122767E-02
3.280000E+01 1.815230E-02 1.114791E-02
3.300000E+01 1.826430E-02 1.108115E-02
3.320000E+01 1.851640E-02 1.109915E-02
3.340000E+01 1.872210E-02 1.108846E-02
3.360000E+01 1.881820E-02 1.101309E-02
3.380000E+01 1.897800E-02 1.097556E-02
3.400000E+01 1.915990E-02 1.095078E-02
3.420000E+01 1.929360E-02 1.089860E-02
3.440000E+01 1.954070E-02 1.091020E-02
3.460000E+01 1.966150E-02 1.085110E-02
3.480000E+01 1.988580E-02 1.084911E-02
3.500000E+01 1.999080E-02 1.078211E-02
3.520000E+01 2.021990E-02 1.078210E-02
3.540000E+01 2.040870E-02 1.076015E-02
3.560000E+01 2.059660E-02 1.073755E-02
3.580000E+01 2.077110E-02 1.070787E-02
3.600000E+01 2.095760E-02 1.068430E-02
3.620000E+01 2.104230E-02 1.060927E-02
3.640000E+01 2.125700E-02 1.060007E-02
3.660000E+01 2.145190E-02 1.058067E-02
3.680000E+01 2.163430E-02 1.055496E-02
3.700000E+01 2.179720E-02 1.051978E-02
3.720000E+01 2.207360E-02 1.053894E-02
3.740000E+01 2.226450E-02 1.051669E-02
3.760000E+01 2.246880E-02 1.050059E-02
3.780000E+01 2.267850E-02 1.048673E-02
3.800000E+01 2.276290E-02 1.041525E-02
3.820000E+01 2.300360E-02 1.041546E-02
3.840000E+01 2.312270E-02 1.036062E-02
3.860000E+01 2.341880E-02 1.038483E-02
3.880000E+01 2.352840E-02 1.032615E-02
3.900000E+01 2.379110E-02 1.033463E-02
3.920000E+01 2.402110E-02 1.032833E-02
3.940000E+01 2.424000E-02 1.031691E-02
3.960000E+01 2.443160E-02 1.029369E-02
3.980000E+01 2.465040E-02 1.028176E-02
4.000000E+01 2.481320E-02 1.024642E-02
4.020000E+01 2.498280E-02 1.021406E-02
4.040000E+01 2.530310E-02 1.024284E-02
4.060000E+01 2.555010E-02 1.024118E-02
4.080000E+01 2.578130E-02 1.023279E-02
4.100000E+01 2.592610E-02 1.019011E-02
4.120000E+01 2.596140E-02 1.010516E-02
4.140000E+01 2.622480E-02 1.010930E-02
4.160000E+01 2.659920E-02 1.015527E-02
4.180000E+01 2.664180E-02 1.007443E-02
4.200000E+01 2.692740E-02 1.008568E-02
4.220000E+01 2.724430E-02 1.010788E-02
4.240000E+01 2.740790E-02 1.007288E-02
4.260000E+01 2.766580E-02 1.007241E-02
4.280000E+01 2.779070E-02 1.002355E-02
4.300000E+01 2.811170E-02 1.004523E-02
4.320000E+01 2.835910E-02 1.004002E-02
4.340000E+01 2.849010E-02 9.993647E-03
4.360000E+01 2.850490E-02 9.907317E-03
4.380000E+01 2.891710E-02 9.959007E-03
4.400000E+01 2.926930E-02 9.988873E-03
4.420000E+01 2.937690E-02 9.935070E-03
4.440000E+01 2.966920E-02 9.943732E-03
4.460000E+01 2.990920E-02 9.934467E-03
4.480000E+01 3.020890E-02 9.944625E-03
4.500000E+01 3.037500E-02 9.910619E-03
4.520000E+01 3.056500E-02 9.884553E-03
4.540000E+01 3.077120E-02 9.863754E-03
4.560000E+01 3.110670E-02 9.884023E-03
4.580000E+01 3.126850E-02 9.848852E-03
4.600000E+01 3.169280E-02 9.895881E-03
4.620000E+01 1.226960E-02 3.798009E-03
