# r N rho/M
0.000000E+00 0.000000E+00 0.000000E+00
2.000000E-01 0.000000E+00 0.000000E+00
4.000000E-01 0.000000E+00 0.000000E+00
6.000000E-01 0.000000E+00 0.000000E+00
8.000000E-01 0.000000E+00 0.000000E+00
1.000000E+00 0.000000E+00 0.000000E+00
1.200000E+00 0.000000E+00 0.000000E+00
1.400000E+00 0.000000E+00 0.000000E+00
1.600000E+00 0.000000E+00 0.000000E+00
1.800000E+00 0.000000E+00 0.000000E+00
2.000000E+00 0.000000E+00 0.000000E+00
2.200000E+00 0.000000E+00 0.000000E+00
2.400000E+00 0.000000E+00 0.000000E+00
2.600000E+00 0.000000E+00 0.000000E+00
2.800000E+00 0.000000E+00 0.000000E+00
3.000000E+00 0.000000E+00 0.000000E+00
3.200000E+00 0.000000E+00 0.000000E+00
3.400000E+00 0.000000E+00 0.000000E+00
3.600000E+00 0.000000E+00 0.000000E+00
3.800000E+00 0.000000E+00 0.000000E+00
4.000000E+00 0.000000E+00 0.000000E+00
4.200000E+00 0.000000E+00 0.000000E+00
4.400000E+00 0.000000E+00 0.000000E+00
4.600000E+00 0.000000E+00 0.000000E+00
4.800000E+00 0.000000E+00 0.000000E+00
5.000000E+00 0.000000E+00 0.000000E+00
5.200000E+00 0.000000E+00 0.000000E+00
5.400000E+00 0.000000E+00 0.000000E+00
5.600000E+00 0.000000E+00 0.000000E+00
5.800000E+00 1.800000E-06 3.535298E-05
6.000000E+00 8.200000E-06 1.504946E-04
6.200000E+00 2.640000E-05 4.537640E-04
6.400000E+00 8.950000E-05 1.443686E-03
6.600000E+00 2.138000E-04 3.242869E-03
6.800000E+00 4.492000E-04 6.418469E-03
7.000000E+00 7.776000E-04 1.048503E-02
7.200000E+00 1.406100E-03 1.792094E-02
7.400000E+00 2.041200E-03 2.462814E-02
7.600000E+00 2.654600E-03 3.036557E-02
7.800000E+00 3.473500E-03 3.772138E-02
8.000000E+00 4.166300E-03 4.301105E-02
8.200000E+00 4.883500E-03 4.798583E-02
8.400000E+00 5.445000E-03 5.098575E-02
8.600000E+00 6.392100E-03 5.710264E-02
8.800000E+00 7.235900E-03 6.173575E-02
9.000000E+00 8.258300E-03 6.736203E-02
9.200000E+00 9.549300E-03 7.454275E-02
9.400000E+00 1.093630E-02 8.177569E-02
9.600000E+00 1.223670E-02 8.772661E-02
9.800000E+00 1.387430E-02 9.544835E-02
1.000000E+01 1.550590E-02 1.024487E-01
1.020000E+01 1.697660E-02 1.078102E-01
1.040000E+01 1.866770E-02 1.140338E-01
1.060000E+01 2.075970E-02 1.220728E-01
1.080000E+01 2.228460E-02 1.262312E-01
1.100000E+01 2.394080E-02 1.307262E-01
1.120000E+01 2.485830E-02 1.309317E-01
1.140000E+01 2.592910E-02 1.318218E-01
1.160000E+01 2.656380E-02 1.304319E-01
1.180000E+01 2.704990E-02 1.283545E-01
1.200000E+01 2.738060E-02 1.256290E-01
1.220000E+01 2.839070E-02 1.260277E-01
1.240000E+01 2.864580E-02 1.230912E-01
1.260000E+01 2.922210E-02 1.216130E-01
1.280000E+01 2.970630E-02 1.197948E-01
1.300000E+01 3.032140E-02 1.185419E-01
1.320000E+01 3.098200E-02 1.174819E-01
1.340000E+01 3.161900E-02 1.163451E-01
1.360000E+01 3.219500E-02 1.150059E-01
1.380000E+01 3.252450E-02 1.128397E-01
1.400000E+01 3.232450E-02 1.089646E-01
1.420000E+01 3.278900E-02 1.074388E-01
1.440000E+01 3.278680E-02 1.044681E-01
1.460000E+01 3.282160E-02 1.017334E-01
1.480000E+01 3.256400E-02 9.822540E-02
1.500000E+01 3.287450E-02 9.653530E-02
1.520000E+01 3.331140E-02 9.526102E-02
1.540000E+01 3.345340E-02 9.319837E-02
1.560000E+01 3.326100E-02 9.030164E-02
1.580000E+01 3.347350E-02 8.859240E-02
1.600000E+01 3.319460E-02 8.567162E-02
1.620000E+01 3.272610E-02 8.238985E-02
1.640000E+01 3.240260E-02 7.959791E-02
1.660000E+01 3.225280E-02 7.733227E-02
1.680000E+01 3.177670E-02 7.438746E-02
1.700000E+01 3.143510E-02 7.186650E-02
1.720000E+01 3.126410E-02 6.982301E-02
1.740000E+01 3.134740E-02 6.840889E-02
1.760000E+01 3.078470E-02 6.566275E-02
1.780000E+01 3.069580E-02 6.401009E-02
1.800000E+01 3.063030E-02 6.246198E-02
1.820000E+01 3.057130E-02 6.097905E-02
1.840000E+01 3.059370E-02 5.970434E-02
1.860000E+01 3.045060E-02 5.815398E-02
1.880000E+01 3.071650E-02 5.742031E-02
1.900000E+01 3.047060E-02 5.576777E-02
1.920000E+01 3.039070E-02 5.446879E-02
1.940000E+01 3.047700E-02 5.350302E-02
1.960000E+01 3.041210E-02 5.230507E-02
1.980000E+01 3.035820E-02 5.116290E-02
2.000000E+01 3.050290E-02 5.038377E-02
2.020000E+01 3.061120E-02 4.956637E-02
2.040000E+01 3.024010E-02 4.801008E-02
2.060000E+01 3.025780E-02 4.710993E-02
2.080000E+01 3.022950E-02 4.616510E-02
2.100000E+01 3.016060E-02 4.518673E-02
2.120000E+01 3.024040E-02 4.445548E-02
2.140000E+01 3.006470E-02 4.337494E-02
2.160000E+01 3.021870E-02 4.279350E-02
2.180000E+01 2.992600E-02 4.160497E-02
2.200000E+01 3.006070E-02 4.103583E-02
2.220000E+01 2.985470E-02 4.002361E-02
2.240000E+01 3.002570E-02 3.953726E-02
2.260000E+01 2.995890E-02 3.875417E-02
2.280000E+01 2.995050E-02 3.806658E-02
2.300000E+01 3.007950E-02 3.756855E-02
2.320000E+01 3.001100E-02 3.683952E-02
2.340000E+01 3.035780E-02 3.663094E-02
2.360000E+01 3.027050E-02 3.590915E-02
2.380000E+01 3.021150E-02 3.523935E-02
2.400000E+01 3.057810E-02 3.507499E-02
2.420000E+01 3.045950E-02 3.436383E-02
2.440000E+01 3.052810E-02 3.387893E-02
2.460000E+01 3.047930E-02 3.327701E-02
2.480000E+01 3.062820E-02 3.290240E-02
2.500000E+01 3.086490E-02 3.262829E-02
2.520000E+01 3.097440E-02 3.222637E-02
2.540000E+01 3.099870E-02 3.174575E-02
2.560000E+01 3.126070E-02 3.151580E-02
2.580000E+01 3.132490E-02 3.109280E-02
2.600000E+01 3.148310E-02 3.077091E-02
2.620000E+01 3.185460E-02 3.066049E-02
2.640000E+01 3.181620E-02 3.016129E-02
2.660000E+01 3.190140E-02 2.978900E-02
2.680000E+01 3.202210E-02 2.945708E-02
2.700000E+01 3.241330E-02 2.937685E-02
2.720000E+01 3.244110E-02 2.897125E-02
2.740000E+01 3.245930E-02 2.856588E-02
2.760000E+01 3.257490E-02 2.825364E-02
2.780000E+01 3.290740E-02 2.813283E-02
2.800000E+01 3.329090E-02 2.805556E-02
2.820000E+01 3.324620E-02 2.762188E-02
2.840000E+01 3.350690E-02 2.744777E-02
2.860000E+01 3.364760E-02 2.717888E-02
2.880000E+01 3.381670E-02 2.693741E-02
2.900000E+01 3.404290E-02 2.674484E-02
2.920000E+01 3.409190E-02 2.641770E-02
2.940000E+01 3.441760E-02 2.630846E-02
2.960000E+01 3.474030E-02 2.619749E-02
2.980000E+01 3.494080E-02 2.599620E-02
3.000000E+01 3.506710E-02 2.574346E-02
3.020000E+01 3.534320E-02 2.560363E-02
3.040000E+01 3.571790E-02 2.553573E-02
3.060000E+01 3.573670E-02 2.521628E-02
3.080000E+01 3.601770E-02 2.508557E-02
3.100000E+01 3.629940E-02 2.495661E-02
3.120000E+01 3.656440E-02 2.481754E-02
3.140000E+01 3.657990E-02 2.451279E-02
3.160000E+01 3.694680E-02 2.444625E-02
3.180000E+01 3.712870E-02 2.425856E-02
3.200000E+01 3.763430E-02 2.428250E-02
3.220000E+01 3.762720E-02 2.397727E-02
3.240000E+01 3.807440E-02 2.396363E-02
3.260000E+01 3.808730E-02 2.367852E-02
3.280000E+01 3.856650E-02 2.368493E-02
3.300000E+01 3.859230E-02 2.341436E-02
3.320000E+01 3.898510E-02 2.336856E-02
3.340000E+01 3.946840E-02 2.337578E-02
3.360000E+01 3.943060E-02 2.307620E-02
3.380000E+01 3.975750E-02 2.299298E-02
3.400000E+01 4.006840E-02 2.290096E-02
3.420000E+01 4.040180E-02 2.282223E-02
3.440000E+01 4.076150E-02 2.275846E-02
3.460000E+01 4.093070E-02 2.258949E-02
3.480000E+01 4.129980E-02 2.253196E-02
3.500000E+01 4.165860E-02 2.246871E-02
3.520000E+01 4.185120E-02 2.231681E-02
3.540000E+01 4.232930E-02 2.231742E-02
3.560000E+01 4.243400E-02 2.212195E-02
3.580000E+01 4.283380E-02 2.208158E-02
3.600000E+01 4.306790E-02 2.195625E-02
3.620000E+01 4.354240E-02 2.195355E-02
3.640000E+01 4.399510E-02 2.193871E-02
3.660000E+01 4.425310E-02 2.182685E-02
3.680000E+01 4.452350E-02 2.172217E-02
3.700000E+01 4.466160E-02 2.155462E-02
3.720000E+01 4.500760E-02 2.148867E-02
3.740000E+01 4.545350E-02 2.147008E-02
3.760000E+01 4.565740E-02 2.133757E-02
3.780000E+01 4.634610E-02 2.143084E-02
3.800000E+01 4.651670E-02 2.128390E-02
3.820000E+01 4.678730E-02 2.118414E-02
3.840000E+01 4.713650E-02 2.112051E-02
3.860000E+01 4.776560E-02 2.118118E-02
3.880000E+01 4.788970E-02 2.101784E-02
3.900000E+01 4.838010E-02 2.101585E-02
3.920000E+01 4.858350E-02 2.088941E-02
3.940000E+01 4.887070E-02 2.080011E-02
3.960000E+01 4.940700E-02 2.081650E-02
3.980000E+01 4.956730E-02 2.067467E-02
4.000000E+01 5.001830E-02 2.065468E-02
4.020000E+01 5.037530E-02 2.059563E-02
4.040000E+01 5.098030E-02 2.063712E-02
4.060000E+01 5.115060E-02 2.050256E-02
4.080000E+01 5.157520E-02 2.047058E-02
4.100000E+01 5.198030E-02 2.043057E-02
4.120000E+01 5.257740E-02 2.046511E-02
4.140000E+01 5.268930E-02 2.031100E-02
4.160000E+01 5.305920E-02 2.025739E-02
4.180000E+01 5.362990E-02 2.027981E-02
4.200000E+01 5.387240E-02 2.017796E-02
4.220000E+01 5.433200E-02 2.015767E-02
4.240000E+01 5.484050E-02 2.015483E-02
4.260000E+01 5.532860E-02 2.014373E-02
4.280000E+01 5.553540E-02 2.003050E-02
4.300000E+01 5.600720E-02 2.001320E-02
4.320000E+01 5.678710E-02 2.010443E-02
4.340000E+01 5.680540E-02 1.992598E-02
4.360000E+01 5.726990E-02 1.990504E-02
4.380000E+01 5.773040E-02 1.988226E-02
4.400000E+01 5.819760E-02 1.986137E-02
4.420000E+01 5.863370E-02 1.982952E-02
4.440000E+01 5.917100E-02 1.983136E-02
4.460000E+01 5.972320E-02 1.983731E-02
4.480000E+01 6.002370E-02 1.975951E-02
4.500000E+01 6.054070E-02 1.975295E-02
4.520000E+01 6.113160E-02 1.976962E-02
4.540000E+01 6.134780E-02 1.966513E-02
4.560000E+01 6.201310E-02 1.970440E-02
4.580000E+01 6.251630E-02 1.969118E-02
4.600000E+01 6.282690E-02 1.961731E-02
4.620000E+01 2.452390E-02 7.591281E-03
