# r N rho/M
0.000000E+00 0.000000E+00 0.000000E+00
2.000000E-01 0.000000E+00 0.000000E+00
4.000000E-01 0.000000E+00 0.000000E+00
6.000000E-01 0.000000E+00 0.000000E+00
8.000000E-01 0.000000E+00 0.000000E+00
1.000000E+00 0.000000E+00 0.000000E+00
1.200000E+00 0.000000E+00 0.000000E+00
1.400000E+00 0.000000E+00 0.000000E+00
1.600000E+00 0.000000E+00 0.000000E+00
1.800000E+00 0.000000E+00 0.000000E+00
2.000000E+00 0.000000E+00 0.000000E+00
2.200000E+00 0.000000E+00 0.000000E+00
2.400000E+00 0.000000E+00 0.000000E+00
2.600000E+00 0.000000E+00 0.000000E+00
2.800000E+00 0.000000E+00 0.000000E+00
3.000000E+00 0.000000E+00 0.000000E+00
3.200000E+00 0.000000E+00 0.000000E+00
3.400000E+00 0.000000E+00 0.000000E+00
3.600000E+00 0.000000E+00 0.000000E+00
3.800000E+00 0.000000E+00 0.000000E+00
4.000000E+00 0.000000E+00 0.000000E+00
4.200000E+00 0.000000E+00 0.000000E+00
4.400000E+00 0.000000E+00 0.000000E+00
4.600000E+00 0.000000E+00 0.000000E+00
4.800000E+00 0.000000E+00 0.000000E+00
5.000000E+00 0.000000E+00 0.000000E+00
5.200000E+00 0.000000E+00 0.000000E+00
5.400000E+00 0.000000E+00 0.000000E+00
5.600000E+00 8.000000E-07 1.685479E-05
5.800000E+00 9.000000E-07 1.767649E-05
6.000000E+00 7.600000E-06 1.394828E-04
6.200000E+00 3.560000E-05 6.118939E-04
6.400000E+00 6.570000E-05 1.059778E-03
6.600000E+00 1.404000E-04 2.129554E-03
6.800000E+00 3.319000E-04 4.742408E-03
7.000000E+00 5.484000E-04 7.394535E-03
7.200000E+00 9.610000E-04 1.224808E-02
7.400000E+00 1.460200E-03 1.761807E-02
7.600000E+00 2.038200E-03 2.331466E-02
7.800000E+00 2.354100E-03 2.556497E-02
8.000000E+00 2.994400E-03 3.091287E-02
8.200000E+00 3.479500E-03 3.418996E-02
8.400000E+00 3.950400E-03 3.699065E-02
8.600000E+00 4.658200E-03 4.161316E-02
8.800000E+00 5.157000E-03 4.399885E-02
9.000000E+00 5.939500E-03 4.844784E-02
9.200000E+00 6.975900E-03 5.445454E-02
9.400000E+00 7.913400E-03 5.917209E-02
9.600000E+00 8.900400E-03 6.380821E-02
9.800000E+00 9.900700E-03 6.811194E-02
1.000000E+01 1.099710E-02 7.265871E-02
1.020000E+01 1.202360E-02 7.635609E-02
1.040000E+01 1.336740E-02 8.165631E-02
1.060000E+01 1.472660E-02 8.659649E-02
1.080000E+01 1.585430E-02 8.980677E-02
1.100000E+01 1.711280E-02 9.344266E-02
1.120000E+01 1.782030E-02 9.386171E-02
1.140000E+01 1.830270E-02 9.304970E-02
1.160000E+01 1.871330E-02 9.188485E-02
1.180000E+01 1.921990E-02 9.120037E-02
1.200000E+01 1.943440E-02 8.916987E-02
1.220000E+01 1.988080E-02 8.825183E-02
1.240000E+01 2.032720E-02 8.734614E-02
1.260000E+01 2.070150E-02 8.615297E-02
1.280000E+01 2.092480E-02 8.438221E-02
1.300000E+01 2.140340E-02 8.367690E-02
1.320000E+01 2.194020E-02 8.319596E-02
1.340000E+01 2.240000E-02 8.242291E-02
1.360000E+01 2.288510E-02 8.174939E-02
1.380000E+01 2.276950E-02 7.899595E-02
1.400000E+01 2.299610E-02 7.751890E-02
1.420000E+01 2.292140E-02 7.510588E-02
1.440000E+01 2.289650E-02 7.295476E-02
1.460000E+01 2.277610E-02 7.059650E-02
1.480000E+01 2.307570E-02 6.960508E-02
1.500000E+01 2.314360E-02 6.796071E-02
1.520000E+01 2.328660E-02 6.659297E-02
1.540000E+01 2.321200E-02 6.466669E-02
1.560000E+01 2.315570E-02 6.286635E-02
1.580000E+01 2.340050E-02 6.193277E-02
1.600000E+01 2.290870E-02 5.912484E-02
1.620000E+01 2.279050E-02 5.737640E-02
1.640000E+01 2.255100E-02 5.539717E-02
1.660000E+01 2.235800E-02 5.360759E-02
1.680000E+01 2.200520E-02 5.151293E-02
1.700000E+01 2.193100E-02 5.013836E-02
1.720000E+01 2.176070E-02 4.859879E-02
1.740000E+01 2.139060E-02 4.668034E-02
1.760000E+01 2.124510E-02 4.531510E-02
1.780000E+01 2.107650E-02 4.395092E-02
1.800000E+01 2.114420E-02 4.311772E-02
1.820000E+01 2.090570E-02 4.169956E-02
1.840000E+01 2.082620E-02 4.064283E-02
1.860000E+01 2.066040E-02 3.945684E-02
1.880000E+01 2.077590E-02 3.883771E-02
1.900000E+01 2.072760E-02 3.793598E-02
1.920000E+01 2.055490E-02 3.684024E-02
1.940000E+01 2.043880E-02 3.588074E-02
1.960000E+01 2.053150E-02 3.531165E-02
1.980000E+01 2.059290E-02 3.470537E-02
2.000000E+01 2.045310E-02 3.378381E-02
2.020000E+01 2.047200E-02 3.314874E-02
2.040000E+01 2.037340E-02 3.234541E-02
2.060000E+01 2.037620E-02 3.172475E-02
2.080000E+01 2.026610E-02 3.094946E-02
2.100000E+01 2.016830E-02 3.021623E-02
2.120000E+01 2.022990E-02 2.973935E-02
2.140000E+01 2.015000E-02 2.907080E-02
2.160000E+01 1.993000E-02 2.822340E-02
2.180000E+01 1.996920E-02 2.776241E-02
2.200000E+01 1.985510E-02 2.710418E-02
2.220000E+01 1.981800E-02 2.656828E-02
2.240000E+01 1.982670E-02 2.610742E-02
2.260000E+01 1.977990E-02 2.558684E-02
2.280000E+01 1.986700E-02 2.525062E-02
2.300000E+01 1.986880E-02 2.481564E-02
2.320000E+01 1.972780E-02 2.421655E-02
2.340000E+01 1.981310E-02 2.390728E-02
2.360000E+01 1.978580E-02 2.347141E-02
2.380000E+01 1.980390E-02 2.309970E-02
2.400000E+01 1.977460E-02 2.268270E-02
2.420000E+01 1.992640E-02 2.248059E-02
2.440000E+01 1.996980E-02 2.216173E-02
2.460000E+01 1.996980E-02 2.180284E-02
2.480000E+01 1.994670E-02 2.142778E-02
2.500000E+01 2.008610E-02 2.123367E-02
2.520000E+01 2.007840E-02 2.088996E-02
2.540000E+01 2.013190E-02 2.061707E-02
2.560000E+01 2.010900E-02 2.027309E-02
2.580000E+01 2.030290E-02 2.015246E-02
2.600000E+01 2.032070E-02 1.986102E-02
2.620000E+01 2.039080E-02 1.962642E-02
2.640000E+01 2.042860E-02 1.936601E-02
2.660000E+01 2.047760E-02 1.912165E-02
2.680000E+01 2.044990E-02 1.881183E-02
2.700000E+01 2.066520E-02 1.872930E-02
2.720000E+01 2.057050E-02 1.837031E-02
2.740000E+01 2.075200E-02 1.826284E-02
2.760000E+01 2.072050E-02 1.797180E-02
2.780000E+01 2.093820E-02 1.790026E-02
2.800000E+01 2.097600E-02 1.767731E-02
2.820000E+01 2.128130E-02 1.768111E-02
2.840000E+01 2.116330E-02 1.733629E-02
2.860000E+01 2.126570E-02 1.717739E-02
2.880000E+01 2.131280E-02 1.697716E-02
2.900000E+01 2.148590E-02 1.687979E-02
2.920000E+01 2.154520E-02 1.669530E-02
2.940000E+01 2.163380E-02 1.653665E-02
2.960000E+01 2.173550E-02 1.639063E-02
2.980000E+01 2.175880E-02 1.618870E-02
3.000000E+01 2.188640E-02 1.606724E-02
3.020000E+01 2.207860E-02 1.599437E-02
3.040000E+01 2.219730E-02 1.586947E-02
3.060000E+01 2.223510E-02 1.568938E-02
3.080000E+01 2.237820E-02 1.558595E-02
3.100000E+01 2.258000E-02 1.552423E-02
3.120000E+01 2.252340E-02 1.528742E-02
3.140000E+01 2.274890E-02 1.524441E-02
3.160000E+01 2.283150E-02 1.510671E-02
3.180000E+01 2.301400E-02 1.503652E-02
3.200000E+01 2.311290E-02 1.491296E-02
3.220000E+01 2.325100E-02 1.481629E-02
3.240000E+01 2.335280E-02 1.469801E-02
3.260000E+01 2.328560E-02 1.447644E-02
3.280000E+01 2.354810E-02 1.446164E-02
3.300000E+01 2.388340E-02 1.449031E-02
3.320000E+01 2.392590E-02 1.434173E-02
3.340000E+01 2.395520E-02 1.418784E-02
3.360000E+01 2.404320E-02 1.407094E-02
3.380000E+01 2.422970E-02 1.401277E-02
3.400000E+01 2.444500E-02 1.397146E-02
3.420000E+01 2.450520E-02 1.384253E-02
3.440000E+01 2.469750E-02 1.378941E-02
3.460000E+01 2.485250E-02 1.371600E-02
3.480000E+01 2.505120E-02 1.366720E-02
3.500000E+01 2.504310E-02 1.350708E-02
3.520000E+01 2.531970E-02 1.350152E-02
3.540000E+01 2.551440E-02 1.345205E-02
3.560000E+01 2.559800E-02 1.334491E-02
3.580000E+01 2.563510E-02 1.321534E-02
3.600000E+01 2.591930E-02 1.321380E-02
3.620000E+01 2.604240E-02 1.313026E-02
3.640000E+01 2.609710E-02 1.301365E-02
3.660000E+01 2.650880E-02 1.307487E-02
3.680000E+01 2.654990E-02 1.295319E-02
3.700000E+01 2.662880E-02 1.285161E-02
3.720000E+01 2.683050E-02 1.281010E-02
3.740000E+01 2.691760E-02 1.271460E-02
3.760000E+01 2.715120E-02 1.268887E-02
3.780000E+01 2.731040E-02 1.262856E-02
3.800000E+01 2.762530E-02 1.264007E-02
3.820000E+01 2.755600E-02 1.247668E-02
3.840000E+01 2.776590E-02 1.244110E-02
3.860000E+01 2.805780E-02 1.244195E-02
3.880000E+01 2.827990E-02 1.241149E-02
3.900000E+01 2.840870E-02 1.234047E-02
3.920000E+01 2.858080E-02 1.228886E-02
3.940000E+01 2.868930E-02 1.221060E-02
3.960000E+01 2.881770E-02 1.214167E-02
3.980000E+01 2.912240E-02 1.214704E-02
4.000000E+01 2.930600E-02 1.210169E-02
4.020000E+01 2.944520E-02 1.203849E-02
4.040000E+01 2.966050E-02 1.200674E-02
4.060000E+01 2.987760E-02 1.197576E-02
4.080000E+01 2.999670E-02 1.190591E-02
4.100000E+01 3.012580E-02 1.184078E-02
4.120000E+01 3.041000E-02 1.183672E-02
4.140000E+01 3.064620E-02 1.181369E-02
4.160000E+01 3.069790E-02 1.172011E-02
4.180000E+01 3.101800E-02 1.172926E-02
4.200000E+01 3.115750E-02 1.167007E-02
4.220000E+01 3.145580E-02 1.167039E-02
4.240000E+01 3.157700E-02 1.160509E-02
4.260000E+01 3.172680E-02 1.155092E-02
4.280000E+01 3.191390E-02 1.151070E-02
4.300000E+01 3.213700E-02 1.148360E-02
4.320000E+01 3.234570E-02 1.145140E-02
4.340000E+01 3.265010E-02 1.145288E-02
4.360000E+01 3.272730E-02 1.137488E-02
4.380000E+01 3.305540E-02 1.138423E-02
4.400000E+01 3.324010E-02 1.134401E-02
4.420000E+01 3.323490E-02 1.123982E-02
4.440000E+01 3.372180E-02 1.130197E-02
4.460000E+01 3.397030E-02 1.128338E-02
4.480000E+01 3.403790E-02 1.120511E-02
4.500000E+01 3.419230E-02 1.115611E-02
4.520000E+01 3.450120E-02 1.115750E-02
4.540000E+01 3.469990E-02 1.112310E-02
4.560000E+01 3.486560E-02 1.107840E-02
4.580000E+01 3.511850E-02 1.106151E-02
4.600000E+01 3.542400E-02 1.106092E-02
4.620000E+01 3.562000E-02 1.102604E-02
4.640000E+01 3.582170E-02 1.099309E-02
4.660000E+01 3.615600E-02 1.100064E-02
4.680000E+01 3.641510E-02 1.098498E-02
4.700000E+01 3.666270E-02 1.096575E-02
4.720000E+01 3.692780E-02 1.095163E-02
4.740000E+01 3.688560E-02 1.084700E-02
4.760000E+01 3.726650E-02 1.086711E-02
4.780000E+01 3.757530E-02 1.086566E-02
4.800000E+01 3.770860E-02 1.081353E-02
4.820000E+01 3.814260E-02 1.084740E-02
4.840000E+01 3.816830E-02 1.076519E-02
4.860000E+01 3.859770E-02 1.079688E-02
4.880000E+01 3.876200E-02 1.075415E-02
4.900000E+01 3.876480E-02 1.066731E-02
4.920000E+01 3.935400E-02 1.074158E-02
4.940000E+01 3.940670E-02 1.066905E-02
4.960000E+01 3.958910E-02 1.063217E-02
4.980000E+01 3.986760E-02 1.062113E-02
5.000000E+01 4.018300E-02 1.061969E-02
5.020000E+01 4.053400E-02 1.062727E-02
5.040000E+01 4.079190E-02 1.061017E-02
5.060000E+01 4.120530E-02 1.063314E-02
5.080000E+01 4.147390E-02 1.061835E-02
5.100000E+01 4.168350E-02 1.058847E-02
5.120000E+01 4.184480E-02 1.054657E-02
5.140000E+01 4.221080E-02 1.055618E-02
5.160000E+01 4.247340E-02 1.053967E-02
5.180000E+01 4.251240E-02 1.046805E-02
5.200000E+01 4.302370E-02 1.051261E-02
5.220000E+01 4.340680E-02 1.052510E-02
5.240000E+01 4.334540E-02 1.043014E-02
5.260000E+01 4.356360E-02 1.040308E-02
5.280000E+01 4.398010E-02 1.042312E-02
5.300000E+01 4.416440E-02 1.038796E-02
5.320000E+01 4.441240E-02 1.036789E-02
5.340000E+01 4.489680E-02 1.040261E-02
5.360000E+01 4.486620E-02 1.031809E-02
5.380000E+01 4.539860E-02 1.036305E-02
5.400000E+01 4.574180E-02 1.036419E-02
5.420000E+01 4.615810E-02 1.038147E-02
5.440000E+01 4.607670E-02 1.028710E-02
5.460000E+01 4.651500E-02 1.030902E-02
5.480000E+01 4.659060E-02 1.025054E-02
5.500000E+01 4.718190E-02 1.030527E-02
5.520000E+01 4.740820E-02 1.027980E-02
5.540000E+01 4.768120E-02 1.026448E-02
5.560000E+01 4.804010E-02 1.026748E-02
5.580000E+01 4.832020E-02 1.025345E-02
5.600000E+01 4.879390E-02 1.028014E-02
5.620000E+01 4.906160E-02 1.026310E-02
5.640000E+01 4.912300E-02 1.020319E-02
5.660000E+01 4.957390E-02 1.022421E-02
5.680000E+01 4.976680E-02 1.019184E-02
5.700000E+01 5.029740E-02 1.022834E-02
5.720000E+01 5.042640E-02 1.018299E-02
5.740000E+01 5.072450E-02 1.017193E-02
5.760000E+01 5.113390E-02 1.018295E-02
5.780000E+01 5.168290E-02 1.022117E-02
5.800000E+01 5.163530E-02 1.014145E-02
5.820000E+01 2.752300E-02 5.368579E-03
