# r N rho/M
0.000000E+00 0.000000E+00 0.000000E+00
2.000000E-01 0.000000E+00 0.000000E+00
4.000000E-01 0.000000E+00 0.000000E+00
6.000000E-01 0.000000E+00 0.000000E+00
8.000000E-01 0.000000E+00 0.000000E+00
1.000000E+00 0.000000E+00 0.000000E+00
1.200000E+00 0.000000E+00 0.000000E+00
1.400000E+00 0.000000E+00 0.000000E+00
1.600000E+00 0.000000E+00 0.000000E+00
1.800000E+00 0.000000E+00 0.000000E+00
2.000000E+00 0.000000E+00 0.000000E+00
2.200000E+00 0.000000E+00 0.000000E+00
2.400000E+00 0.000000E+00 0.000000E+00
2.600000E+00 0.000000E+00 0.000000E+00
2.800000E+00 0.000000E+00 0.000000E+00
3.000000E+00 0.000000E+00 0.000000E+00
3.200000E+00 0.000000E+00 0.000000E+00
3.400000E+00 0.000000E+00 0.000000E+00
3.600000E+00 0.000000E+00 0.000000E+00
3.800000E+00 0.000000E+00 0.000000E+00
4.000000E+00 0.000000E+00 0.000000E+00
4.200000E+00 0.000000E+00 0.000000E+00
4.400000E+00 0.000000E+00 0.000000E+00
4.600000E+00 0.000000E+00 0.000000E+00
4.800000E+00 0.000000E+00 0.000000E+00
5.000000E+00 0.000000E+00 0.000000E+00
5.200000E+00 0.000000E+00 0.000000E+00
5.400000E+00 0.000000E+00 0.000000E+00
5.600000E+00 0.000000E+00 0.000000E+00
5.800000E+00 0.000000E+00 0.000000E+00
6.000000E+00 1.000000E-07 1.835300E-06
6.200000E+00 2.400000E-06 4.125127E-05
6.400000E+00 6.700000E-06 1.080748E-04
6.600000E+00 1.130000E-05 1.713958E-04
6.800000E+00 2.650000E-05 3.786496E-04
7.000000E+00 5.920000E-05 7.982430E-04
7.200000E+00 9.740000E-05 1.241376E-03
7.400000E+00 1.396000E-04 1.684347E-03
7.600000E+00 1.823000E-04 2.085302E-03
7.800000E+00 2.138000E-04 2.321817E-03
8.000000E+00 2.593000E-04 2.676899E-03
8.200000E+00 3.178000E-04 3.122739E-03
8.400000E+00 3.746000E-04 3.507670E-03
8.600000E+00 4.172000E-04 3.726979E-03
8.800000E+00 4.808000E-04 4.102122E-03
9.000000E+00 5.422000E-04 4.422665E-03
9.200000E+00 6.515000E-04 5.085671E-03
9.400000E+00 7.538000E-04 5.636505E-03
9.600000E+00 8.395000E-04 6.018493E-03
9.800000E+00 9.584000E-04 6.593320E-03
1.000000E+01 1.040200E-03 6.872684E-03
1.020000E+01 1.190300E-03 7.559022E-03
1.040000E+01 1.303500E-03 7.962581E-03
1.060000E+01 1.451700E-03 8.536398E-03
1.080000E+01 1.576300E-03 8.928960E-03
1.100000E+01 1.717200E-03 9.376592E-03
1.120000E+01 1.784300E-03 9.398128E-03
1.140000E+01 1.944900E-03 9.887741E-03
1.160000E+01 2.007000E-03 9.854643E-03
1.180000E+01 2.070500E-03 9.824732E-03
1.200000E+01 2.193700E-03 1.006524E-02
1.220000E+01 2.185100E-03 9.699764E-03
1.240000E+01 2.315600E-03 9.950151E-03
1.260000E+01 2.454000E-03 1.021276E-02
1.280000E+01 2.557900E-03 1.031509E-02
1.300000E+01 2.624000E-03 1.025857E-02
1.320000E+01 2.749500E-03 1.042594E-02
1.340000E+01 2.806500E-03 1.032678E-02
1.360000E+01 2.963600E-03 1.058647E-02
1.380000E+01 3.078600E-03 1.068082E-02
1.400000E+01 3.177200E-03 1.071021E-02
1.420000E+01 3.145700E-03 1.030742E-02
1.440000E+01 3.212200E-03 1.023498E-02
1.460000E+01 3.247600E-03 1.006622E-02
1.480000E+01 3.316300E-03 1.000322E-02
1.500000E+01 3.328800E-03 9.774953E-03
1.520000E+01 3.411600E-03 9.756194E-03
1.540000E+01 3.410000E-03 9.499975E-03
1.560000E+01 3.499900E-03 9.502020E-03
1.580000E+01 3.576500E-03 9.465718E-03
1.600000E+01 3.592300E-03 9.271332E-03
1.620000E+01 3.601600E-03 9.067237E-03
1.640000E+01 3.606800E-03 8.860207E-03
1.660000E+01 3.563300E-03 8.543695E-03
1.680000E+01 3.568200E-03 8.352955E-03
1.700000E+01 3.538100E-03 8.088757E-03
1.720000E+01 3.551100E-03 7.930773E-03
1.740000E+01 3.570200E-03 7.791186E-03
1.760000E+01 3.625400E-03 7.732859E-03
1.780000E+01 3.581700E-03 7.468936E-03
1.800000E+01 3.600600E-03 7.342423E-03
1.820000E+01 3.620400E-03 7.221431E-03
1.840000E+01 3.652200E-03 7.127355E-03
1.860000E+01 3.695900E-03 7.058360E-03
1.880000E+01 3.659300E-03 6.840563E-03
1.900000E+01 3.691100E-03 6.755510E-03
1.920000E+01 3.722900E-03 6.672498E-03
1.940000E+01 3.757600E-03 6.596546E-03
1.960000E+01 3.739400E-03 6.431308E-03
1.980000E+01 3.829100E-03 6.453211E-03
2.000000E+01 3.805400E-03 6.285645E-03
2.020000E+01 3.801200E-03 6.154992E-03
2.040000E+01 3.854500E-03 6.119518E-03
2.060000E+01 3.850100E-03 5.994419E-03
2.080000E+01 3.874700E-03 5.917264E-03
2.100000E+01 3.849900E-03 5.767935E-03
2.120000E+01 3.877800E-03 5.700634E-03
2.140000E+01 3.878500E-03 5.595588E-03
2.160000E+01 3.912700E-03 5.540878E-03
2.180000E+01 3.866000E-03 5.374751E-03
2.200000E+01 3.978200E-03 5.430637E-03
2.220000E+01 3.939100E-03 5.280810E-03
2.240000E+01 3.930100E-03 5.175080E-03
2.260000E+01 4.013000E-03 5.191129E-03
2.280000E+01 3.989400E-03 5.070460E-03
2.300000E+01 4.047100E-03 5.054728E-03
2.320000E+01 4.029100E-03 4.945857E-03
2.340000E+01 4.050700E-03 4.887738E-03
2.360000E+01 4.050700E-03 4.805246E-03
2.380000E+01 4.103800E-03 4.786761E-03
2.400000E+01 4.121000E-03 4.727044E-03
2.420000E+01 4.132500E-03 4.662208E-03
2.440000E+01 4.211000E-03 4.673208E-03
2.460000E+01 4.227900E-03 4.615981E-03
2.480000E+01 4.234900E-03 4.549350E-03
2.500000E+01 4.269400E-03 4.513322E-03
2.520000E+01 4.309500E-03 4.483687E-03
2.540000E+01 4.328800E-03 4.433121E-03
2.560000E+01 4.326100E-03 4.361402E-03
2.580000E+01 4.378900E-03 4.346454E-03
2.600000E+01 4.423800E-03 4.323727E-03
2.620000E+01 4.473900E-03 4.306190E-03
2.640000E+01 4.472900E-03 4.240244E-03
2.660000E+01 4.484900E-03 4.187926E-03
2.680000E+01 4.592400E-03 4.224542E-03
2.700000E+01 4.568800E-03 4.140799E-03
2.720000E+01 4.600400E-03 4.108349E-03
2.740000E+01 4.657800E-03 4.099107E-03
2.760000E+01 4.675100E-03 4.054920E-03
2.780000E+01 4.732500E-03 4.045857E-03
2.800000E+01 4.779600E-03 4.027959E-03
2.820000E+01 4.806000E-03 3.992961E-03
2.840000E+01 4.852600E-03 3.975093E-03
2.860000E+01 4.873300E-03 3.936412E-03
2.880000E+01 4.915800E-03 3.915784E-03
2.900000E+01 4.944700E-03 3.884664E-03
2.920000E+01 5.013600E-03 3.885022E-03
2.940000E+01 5.013200E-03 3.832039E-03
2.960000E+01 5.060200E-03 3.815872E-03
2.980000E+01 5.103800E-03 3.797263E-03
3.000000E+01 5.102800E-03 3.746067E-03
3.020000E+01 5.194800E-03 3.763262E-03
3.040000E+01 5.229500E-03 3.738716E-03
3.060000E+01 5.340800E-03 3.768539E-03
3.080000E+01 5.313200E-03 3.700533E-03
3.100000E+01 5.332500E-03 3.666207E-03
3.120000E+01 5.411900E-03 3.673247E-03
3.140000E+01 5.457000E-03 3.656825E-03
3.160000E+01 5.465700E-03 3.616439E-03
3.180000E+01 5.546800E-03 3.624080E-03
3.200000E+01 5.588000E-03 3.605504E-03
3.220000E+01 5.642400E-03 3.595519E-03
3.240000E+01 5.710600E-03 3.594192E-03
3.260000E+01 5.726300E-03 3.559987E-03
3.280000E+01 5.778700E-03 3.548885E-03
3.300000E+01 5.848300E-03 3.548226E-03
3.320000E+01 5.874900E-03 3.521550E-03
3.340000E+01 5.859100E-03 3.470144E-03
3.360000E+01 5.992400E-03 3.506968E-03
3.380000E+01 6.002600E-03 3.471487E-03
3.400000E+01 6.054000E-03 3.460143E-03
3.420000E+01 6.161100E-03 3.480291E-03
3.440000E+01 6.100600E-03 3.406161E-03
3.460000E+01 6.215200E-03 3.430145E-03
3.480000E+01 6.230700E-03 3.399287E-03
3.500000E+01 6.296500E-03 3.396039E-03
3.520000E+01 6.314600E-03 3.367209E-03
3.540000E+01 6.473200E-03 3.412888E-03
3.560000E+01 6.490100E-03 3.383459E-03
3.580000E+01 6.538000E-03 3.370454E-03
3.600000E+01 6.580200E-03 3.354622E-03
3.620000E+01 6.580700E-03 3.317909E-03
3.640000E+01 6.631700E-03 3.306980E-03
3.660000E+01 6.728100E-03 3.318484E-03
3.680000E+01 6.726200E-03 3.281585E-03
3.700000E+01 6.828800E-03 3.295721E-03
3.720000E+01 6.885600E-03 3.287497E-03
3.740000E+01 6.972300E-03 3.293384E-03
3.760000E+01 6.970300E-03 3.257506E-03
3.780000E+01 6.997800E-03 3.235843E-03
3.800000E+01 7.085600E-03 3.242044E-03
3.820000E+01 7.184300E-03 3.252874E-03
3.840000E+01 7.198000E-03 3.225217E-03
3.860000E+01 7.269300E-03 3.223499E-03
3.880000E+01 7.299200E-03 3.203475E-03
3.900000E+01 7.316900E-03 3.178392E-03
3.920000E+01 7.408600E-03 3.185470E-03
3.940000E+01 7.458800E-03 3.174578E-03
3.960000E+01 7.565700E-03 3.187633E-03
3.980000E+01 7.611500E-03 3.174780E-03
4.000000E+01 7.639900E-03 3.154839E-03
4.020000E+01 7.693700E-03 3.145521E-03
4.040000E+01 7.775300E-03 3.147487E-03
4.060000E+01 7.779500E-03 3.118237E-03
4.080000E+01 7.890900E-03 3.131957E-03
4.100000E+01 7.958600E-03 3.128084E-03
4.120000E+01 7.982900E-03 3.107247E-03
4.140000E+01 8.081600E-03 3.115345E-03
4.160000E+01 8.082200E-03 3.085691E-03
4.180000E+01 8.169500E-03 3.089245E-03
4.200000E+01 8.252000E-03 3.090795E-03
4.220000E+01 8.260700E-03 3.064795E-03
4.240000E+01 8.348000E-03 3.068034E-03
4.260000E+01 8.369900E-03 3.047268E-03
4.280000E+01 8.479200E-03 3.058277E-03
4.300000E+01 8.508300E-03 3.040293E-03
4.320000E+01 8.618100E-03 3.051080E-03
4.340000E+01 8.670200E-03 3.041299E-03
4.360000E+01 8.692700E-03 3.021282E-03
4.380000E+01 8.766000E-03 3.018998E-03
4.400000E+01 8.851700E-03 3.020862E-03
4.420000E+01 8.868400E-03 2.999233E-03
4.440000E+01 8.992000E-03 3.013699E-03
4.460000E+01 9.046600E-03 3.004866E-03
4.480000E+01 9.094500E-03 2.993866E-03
4.500000E+01 9.215400E-03 3.006759E-03
4.520000E+01 9.285700E-03 3.002944E-03
4.540000E+01 9.295300E-03 2.979622E-03
4.560000E+01 9.388000E-03 2.982998E-03
4.580000E+01 9.479900E-03 2.985948E-03
4.600000E+01 9.561600E-03 2.985550E-03
4.620000E+01 9.549500E-03 2.956012E-03
4.640000E+01 9.665500E-03 2.966183E-03
4.660000E+01 9.753800E-03 2.967642E-03
4.680000E+01 9.780700E-03 2.950446E-03
4.700000E+01 9.841800E-03 2.943665E-03
4.720000E+01 9.887900E-03 2.932443E-03
4.740000E+01 9.974500E-03 2.933215E-03
4.760000E+01 1.005380E-02 2.931743E-03
4.780000E+01 1.013530E-02 2.930828E-03
4.800000E+01 1.012670E-02 2.903989E-03
4.820000E+01 1.023190E-02 2.909857E-03
4.840000E+01 1.035820E-02 2.921481E-03
4.860000E+01 1.039100E-02 2.906661E-03
4.880000E+01 1.043660E-02 2.895536E-03
4.900000E+01 1.054040E-02 2.900510E-03
4.920000E+01 1.062540E-02 2.900178E-03
4.940000E+01 1.065490E-02 2.884729E-03
4.960000E+01 1.079210E-02 2.898359E-03
4.980000E+01 1.079140E-02 2.874939E-03
5.000000E+01 1.090990E-02 2.883303E-03
5.020000E+01 1.095140E-02 2.871255E-03
5.040000E+01 1.105330E-02 2.875017E-03
5.060000E+01 1.113630E-02 2.873753E-03
5.080000E+01 1.123100E-02 2.875415E-03
5.100000E+01 1.133490E-02 2.879300E-03
5.120000E+01 1.136870E-02 2.865368E-03
5.140000E+01 1.139250E-02 2.849065E-03
5.160000E+01 1.154030E-02 2.863698E-03
5.180000E+01 1.150090E-02 2.831925E-03
5.200000E+01 1.164450E-02 2.845271E-03
5.220000E+01 1.170130E-02 2.837283E-03
5.240000E+01 1.181230E-02 2.842375E-03
5.260000E+01 1.188400E-02 2.837923E-03
5.280000E+01 1.189350E-02 2.818716E-03
5.300000E+01 1.199980E-02 2.822486E-03
5.320000E+01 1.205670E-02 2.814587E-03
5.340000E+01 1.219140E-02 2.824754E-03
5.360000E+01 1.230260E-02 2.829286E-03
5.380000E+01 1.226710E-02 2.800186E-03
5.400000E+01 1.237730E-02 2.804451E-03
5.420000E+01 1.244440E-02 2.798884E-03
5.440000E+01 1.255520E-02 2.803079E-03
5.460000E+01 1.267560E-02 2.809265E-03
5.480000E+01 1.268370E-02 2.790579E-03
5.500000E+01 1.283120E-02 2.802537E-03
5.520000E+01 1.290450E-02 2.798160E-03
5.540000E+01 1.295160E-02 2.788132E-03
5.560000E+01 1.306060E-02 2.791406E-03
5.580000E+01 1.310440E-02 2.780726E-03
5.600000E+01 1.315780E-02 2.772150E-03
5.620000E+01 1.328680E-02 2.779440E-03
5.640000E+01 1.337690E-02 2.778477E-03
5.660000E+01 1.346010E-02 2.776035E-03
5.680000E+01 1.357540E-02 2.780132E-03
5.700000E+01 1.360360E-02 2.766392E-03
5.720000E+01 1.376190E-02 2.779047E-03
5.740000E+01 1.377510E-02 2.762361E-03
5.760000E+01 1.388440E-02 2.764978E-03
5.780000E+01 1.403770E-02 2.776194E-03
5.800000E+01 1.403590E-02 2.756727E-03
5.820000E+01 1.409510E-02 2.749361E-03
5.840000E+01 1.426710E-02 2.763882E-03
5.860000E+01 1.426070E-02 2.743817E-03
5.880000E+01 1.438620E-02 2.749166E-03
5.900000E+01 1.442920E-02 2.738721E-03
5.920000E+01 1.453730E-02 2.740626E-03
5.940000E+01 1.459320E-02 2.732670E-03
5.960000E+01 1.474450E-02 2.742503E-03
5.980000E+01 1.484370E-02 2.742517E-03
6.000000E+01 1.491840E-02 2.737974E-03
6.020000E+01 1.501030E-02 2.736566E-03
6.040000E+01 1.517800E-02 2.748845E-03
6.060000E+01 1.510280E-02 2.717201E-03
6.080000E+01 1.530840E-02 2.736101E-03
6.100000E+01 1.530220E-02 2.717088E-03
6.120000E+01 1.542330E-02 2.720721E-03
6.140000E+01 1.555240E-02 2.725651E-03
6.160000E+01 1.557670E-02 2.712211E-03
6.180000E+01 1.570730E-02 2.717278E-03
6.200000E+01 1.583500E-02 2.721725E-03
6.220000E+01 1.580620E-02 2.699331E-03
6.240000E+01 1.604540E-02 2.722644E-03
6.260000E+01 1.606530E-02 2.708630E-03
6.280000E+01 1.615470E-02 2.706382E-03
6.300000E+01 1.619010E-02 2.695119E-03
6.320000E+01 1.635800E-02 2.705861E-03
6.340000E+01 1.634450E-02 2.686598E-03
6.360000E+01 1.657730E-02 2.707753E-03
6.380000E+01 1.661630E-02 2.697134E-03
6.400000E+01 1.670470E-02 2.694562E-03
6.420000E+01 1.676690E-02 2.687771E-03
6.440000E+01 1.692300E-02 2.695970E-03
6.460000E+01 1.707060E-02 2.702671E-03
6.480000E+01 1.710640E-02 2.691647E-03
6.500000E+01 1.714760E-02 2.681551E-03
6.520000E+01 1.730040E-02 2.688874E-03
6.540000E+01 1.728390E-02 2.669905E-03
6.560000E+01 1.749760E-02 2.686460E-03
6.580000E+01 1.757660E-02 2.682209E-03
6.600000E+01 1.767160E-02 2.680387E-03
6.620000E+01 1.781750E-02 2.686212E-03
6.640000E+01 1.789730E-02 2.682013E-03
6.660000E+01 1.787890E-02 2.663188E-03
6.680000E+01 1.810000E-02 2.680002E-03
6.700000E+01 1.816790E-02 2.674020E-03
6.720000E+01 1.834440E-02 2.683950E-03
6.740000E+01 1.838540E-02 2.674009E-03
6.760000E+01 1.845420E-02 2.668157E-03
6.780000E+01 1.857930E-02 2.670419E-03
6.800000E+01 1.864410E-02 2.663993E-03
6.820000E+01 1.876650E-02 2.665778E-03
6.840000E+01 1.882220E-02 2.658078E-03
6.860000E+01 1.895270E-02 2.660923E-03
6.880000E+01 1.914340E-02 2.672094E-03
6.900000E+01 1.917750E-02 2.661358E-03
6.920000E+01 1.933930E-02 2.668321E-03
6.940000E+01 1.946560E-02 2.670290E-03
6.960000E+01 1.944140E-02 2.651664E-03
6.980000E+01 1.948580E-02 2.642512E-03
7.000000E+01 1.970210E-02 2.656599E-03
7.020000E+01 1.972000E-02 2.643883E-03
7.040000E+01 1.995870E-02 2.660703E-03
7.060000E+01 1.996860E-02 2.646962E-03
7.080000E+01 2.013470E-02 2.653922E-03
7.100000E+01 2.027440E-02 2.657301E-03
7.120000E+01 2.033220E-02 2.649927E-03
7.140000E+01 2.049110E-02 2.655696E-03
7.160000E+01 2.063880E-02 2.659916E-03
7.180000E+01 2.064760E-02 2.646246E-03
7.200000E+01 2.082250E-02 2.653856E-03
7.220000E+01 2.080410E-02 2.636842E-03
7.240000E+01 2.100710E-02 2.647881E-03
7.260000E+01 2.110240E-02 2.645259E-03
7.280000E+01 2.120300E-02 2.643285E-03
7.300000E+01 2.127550E-02 2.637810E-03
7.320000E+01 2.151280E-02 2.652676E-03
7.340000E+01 6.534900E-03 8.014129E-04
